605798
003646
709027
630333
349494
698279
398248
215922
312449
905953
857431
236181
398142
784804
118325
739232
046178
004851
058986
377269
873698
801648
490044
620623
857372
789366
283634
891338
688270
251920
030307
538471
336347
145265
242891
201692
305194
290703
056290
422812
733031
330225
322770
060806
543808
326806
378609
548831
784408
532922
545032
551365
755824
520207
519600
507749
003598
223098
927260
446762
406462
050654
022640
041008
727466
813648
133783
188105
895257
072095
900244
442667
463049
512885
643870
943801
068093
968262
291356
643031
300229
130127
977126
224754
947649
775991
532334
829813
335523
905743
363447
294830
979522
554310
444933
060235
049484
891985
015800
724021
099715
334810
865693
661389
147964
319651
164963
191517
430175
999891
039790
033078
298153
386819
676859
334716
115111
292595
982666
958823
124722
182552
365936
434966
773813
678354
460020
717283
487246
007111
991154
816457
134036
533700
945378
135503
931093
097130
096107
374471
537302
887386
782157
593679
654172
648894
376450
594009
547688
686517
695629
788441
238744
577322
061941
666604
789481
278227
155377
227536
646289
344570
519017
409175
823930
957575
151619
002129
468077
026245
004466
915306
041754
978680
575014
118180
321610
032832
416841
831907
823863
115938
341809
290381
736030
716371
574072
236662
438186
864978
869320
043644
279182
603171
016934
626617
157073
508367
308173
325606
357492
752544
653096
674977
984736
866409
275005
131755
988760
220014
537455
774171
374788
612826
854537
803597
233899
881638
722834
542715
905218
999361
262147
788927
850835
054457
069539
042457
408506
966901
417768
347261
876026
720411
650430
787416
478593
871679
270986
402098
238822
131255
860359
869676
265369
422696
603502
651345
599915
024833
643418
353363
061422
402093
131915
992125
100545
644915
197841
831589
429804
695491
547842
465124
166729
228950
078234
574717
857335
291180
932223
821957
586815
232383
509432
911448
127704
943792
017508
840147
517258
702874
268415
696926
987630
672695
755981
586245
335133
154525
122500
747818
062543
523021
286343
228988
736383
097064
363359
521984
526780
961144
591966
196033
066971
642336
639957
363667
235227
476846
739230
962943
056713
783024
652348
657839
156469
514009
710214
617354
845587
558135
971136
342998
381734
524909
038797
753544
051763
913691
180357
635072
991008
530373
765250
010340
083877
375270
197741
277289
260852
481532
489429
261425
800087
039176
910646
556352
395215
564618
354755
073706
126281
528371
832389
483205
051297
611174
655904
611559
308530
652936
270432
186806
633961
190657
592346
418148
720187
226426
426922
561203
671114
211043
413780
165957
493812
802677
564959
760932
216192
064722
429077
054463
872177
643393
969298
862163
805204
938253
332519
315139
676757
918535
556241
854206
469625
459310
582455
210574
755546
799110
414721
526656
036848
672203
319633
589229
350482
266595
800042
602840
871149
654627
358112
761021
703029
289546
939097
391395
766894
680256
542265
714328
033628
069912
052005
424132
858081
525918
908237
900026
472672
427581
266031
399110
746602
269020
424825
351912
440152
561659
232386
453340
831768
902323
888137
201193
849324
607522
127843
349135
964182
689294
637448
578616
324405
246151
735253
830043
557162
811634
786133
166440
868996
286159
872513
968090
790840
053916
532645
293696
087690
762843
568889
766059
467091
691264
667229
048166
401347
473973
332897
437437
608655
590331
760080
323719
018338
691837
624721
066207
578354
363036
552445
727712
403477
811830
157192
736430
568080
450906
516875
515799
816254
107468
793779
189095
887781
680883
897855
470014
440673
983239
631919
623210
322600
177069
676301
552211
199617
196273
877931
494246
910408
436745
996661
085472
042685
421111
466413
713341
227856
763732
792921
439642
716212
165747
258358
535644
000104
839383
580467
889677
363858
723459
136672
391861
671014
389500
577791
737893
499998
496410
243347
997268
541302
907864
363022
979938
027394
201979
613889
879443
079621
436862
524380
216059
962866
280356
685522
091710
756365
444681
648195
782596
239577
359419
238764
292265
878721
601196
680793
999746
980380
201451
971279
873463
059395
734439
362709
029910
602736
557926
613767
304526
162807
304952
337211
512796
437095
593790
932952
593421
432654
526328
816317
911289
198817
723796
270368
927994
523254
614601
442438
471831
522746
746205
809818
189891
150956
090172
425685
017370
230070
506111
601892
976261
840503
951855
893581
557014
597808
070784
880187
042963
062861
734143
447571
632293
562148
777252
360431
026130
271925
141261
894802
728672
480873
980949
450270
855078
184153
764810
054950
424697
547185
122999
096777
757587
897942
170830
969820
615763
826248
176027
614573
729724
263110
803045
858972
743078
133759
134339
920565
103563
310437
712782
339962
996708
916771
133669
644157
884446
774546
093817
229477
230225
141389
837655
503236
290901
395225
678085
769101
345657
796604
727582
057152
723215
821261
029509
153081
246736
443754
505359
296360
449914
665019
130346
496562
990367
656331
522704
401379
209423
397891
823124
235999
621772
515327
993524
851583
034731
778250
462667
266775
466957
135706
747832
957528
685406
585557
432540
786657
988341
740988
689959
929343
972786
924218
764536
475132
720867
266964
896607
675155
120536
575928
750702
058391
346360
628997
622969
968009
030111
856312
489598
698297
613611
601074
139614
459103
306863
574101
760078
738155
117490
757654
192882
396030
472764
818986
391580
883890
265179
278098
267725
148315
843471
721154
460075
068383
389821
215814
191387
799652
218163
893616
148308
745595
088356
230145
250272
628987
295478
807672
720920
929638
738140
746643
790225
636599
274410
685047
656240
742874
829396
518170
613019
679408
079992
018281
622997
892348
422485
049204
070621
332361
826791
888823
846036
241427
669378
754745
669296
515295
410865
936241
108939
761766
013127
544797
705558
356903
325893
755099
505380
909674
311398
506445
090669
016170
651095
845073
911931
540446
010267
407654
177879
541322
851501
615218
529950
257832
151457
276672
440128
112018
643571
390503
495985
024930
948093
916831
313684
017296
084670
780730
109401
624114
296241
775818
301786
483118
614126
629562
022612
548288
688922
900032
522469
635418
707168
574608
794220
902930
575672
501646
390101
834547
094180
417806
090549
298620
988195
837278
461845
183527
537408
693645
823413
184309
820108
995849
514127
314448
325090
073612
003893
399930
763298
808761
262165
657335
295468
295858
732793
972206
296454
436458
874743
853517
979638
721770
955224
675702
487764
835992
915853
851538
130372
516708
347414
715941
923646
105272
828342
761543
642728
488182
150940
425368
373748
344142
088939
953269
700706
180730
504571
130323
039804
300651
970137
092807
776939
650081
342179
868556
748680
927365
955421
318659
899416
277270
649218
863532
547284
234542
839971
259298
522749
453263
365508
006724
124406
236546
641165
549849
812147
085889
937462
101763
908788
831626
257148
569242
260285
174507
706513
563907
489445
298660
928011
054843
280061
696000
068823
073182
393627
797146
420899
993337
544764
835385
110637
808297
180254
022993
044748
288484
786982
756407
938495
643270
867493
680148
487746
367446
409649
219431
407271
190884
143840
484093
442473
925853
607906
876131
151992
633623
438922
623001
480613
850903
162749
198707
898144
501252
566762
887192
125316
364502
259991
336763
635392
924579
597877
802252
635020
253781
347223
092412
334001
146403
682545
371141
355670
952467
376395
393158
737004
369812
700147
980216
066216
232130
926117
782499
992153
200854
317162
712304
889185
368742
076858
967330
534163
696312
494661
712664
319404
557454
510156
654564
746903
789930
259955
218378
825676
800244
498757
342510
908866
036329
875926
051496
909739
192397
620916
179091
362915
889997
305541
024814
209495
704905
624915
441384
825992
446118
604827
226775
746818
903523
730986
757858
225643
260694
891912
681058
891813
492633
000946
063548
686477
119187
189511
617648
688478
533297
123582
060369
157728
205247
611227
564106
243241
339912
323667
356486
574195
408707
562472
373843
749064
464095
813252
756978
056077
511656
311341
605321
718021
269832
182402
210842
268653
662209
262582
876180
571356
065149
214107
888671
131458
058460
290788
273617
238271
470230
963921
819608
480857
393037
223761
349401
181771
801981
122176
421779
868835
571760
124490
933664
127644
641982
209612
495063
732686
209321
628106
613625
117980
959310
382365
866320
717183
375582
299357
868937
975472
590278
721121
940878
974553
351641
519335
500090
724539
076269
094109
320830
045846
889856
413119
367912
136731
648600
325853
476696
574885
270689
770716
038980
010184
848431
082804
140789
920149
190725
798493
302170
342854
645530
788743
150839
750226
417690
678215
215834
967128
402087
115603
884750
683454
905595
021278
814147
185252
317686
931334
757144
518781
016706
585781
746371
355616
322714
760109
307436
917381
156090
691733
182990
960895
450951
888365
768978
852804
277488
502319
241338
555902
586141
884473
135047
803937
392971
703857
542829
598790
742840
703438
598085
781779
731117
164790
699407
349400
511943
136839
509280
129480
810776
790310
239412
267704
763997
349411
993352
248878
582146
822512
981129
547416
453693
536625
144419
384790
629112
358268
934850
586140
734030
737135
335648
533247
044703
400301
842464
779459
865189
035576
946062
813893
951109
980348
547774
582871
579189
669440
920390
504459
116873
374468
772055
892844
597349
357701
671297
638745
475102
208047
203954
957514
570638
828827
560659
070710
632992
337954
084057
141738
010010
015894
668962
448640
093768
110370
396712
527867
779472
923063
172719
004990
222108
930545
820726
249128
052948
433987
413656
802056
960601
637601
356789
651835
488911
893170
266023
832601
763178
121267
665158
999732
065533
460597
274048
126864
491932
898404
937928
832385
106814
847630
686360
700868
722380
901468
865660
223418
142977
496923
490688
239954
783938
015097
882128
409953
941188
599302
333045
048516
762933
709327
935635
389745
437350
937824
913916
384641
711371
005439
979992
547626
587257
421194
743307
992858
936795
020170
897264
714872
209252
813446
431493
991101
524004
424550
943652
866304
193371
544744
068067
131611
580046
331979
055759
820761
118185
885676
075933
262644
356975
178252
676059
529746
895182
069045
097485
797465
633508
225070
054928
605030
317284
292103
988872
038419
420819
762831
294172
851039
481690
640548
984782
486226
771075
351982
834515
888686
554730
537569
948105
385603
572636
539559
717118
540095
723503
299593
394467
779741
103063
570355
150455
494050
472201
644854
266844
406548
144031
524851
729017
576526
792920
194680
035313
372175
082722
010693
055076
178388
294705
748623
510188
434634
795695
029344
630423
694235
264328
348232
188030
470962
822819
635281
572160
210882
929123
153239
941853
792009
865942
249658
675128
984378
457773
785717
342161
041515
114805
794699
184720
902046
325289
155223
745291
214063
976952
574198
129298
680688
289022
595610
241787
253516
258770
385061
409449
569895
335734
418633
633122
818895
282748
689322
668662
392418
504386
087868
540513
934610
494692
574813
231800
671106
144359
469538
339406
843220
721385
604530
245137
305810
009847
467632
366280
367212
214792
690428
256500
508566
908453
331004
075544
585895
844699
530573
282625
340739
607111
362742
690833
621190
488925
059403
369596
666779
415296
145393
090667
390750
635238
880120
385367
953806
972618
578044
818250
440799
648690
798565
325664
698943
118876
614436
252488
934669
979486
484678
611682
296136
285704
432428
799983
732682
419009
909516
076112
816150
281140
580570
509615
285502
148589
210785
056348
936856
568736
783639
612682
493497
314434
471370
852873
763464
028677
197171
733050
620665
914453
130740
213312
167779
819174
732491
585717
127102
226368
990570
589110
867871
356356
496144
391577
504244
604101
886760
075664
332073
961062
470440
849998
329682
323781
350901
242968
796526
622633
113584
002208
802039
212520
744210
081613
898481
682812
281583
763047
556219
279560
181177
103305
999229
438068
942175
969500
193631
173832
566595
567798
403204
784994
405963
002592
162272
371881
144859
173761
862571
611473
516002
601136
989185
650951
191223
260217
432114
039678
237783
047668
986081
266649
372272
351231
469603
253869
939683
345232
335543
210773
425956
458897
904236
470072
105008
623062
169416
581271
882736
156618
960115
242248
193934
314070
564872
914933
912445
878472
331991
757028
838556
732060
746332
713166
422040
183821
010421
317202
949755
737814
376043
524875
123292
589891
067419
671287
188928
030566
346056
514172
568548
167063
632541
088951
376166
129211
574127
635474
035342
066862
484474
271015
401318
836931
610444
286869
096644
875194
727098
402588
035179
904114
157676
114386
599744
010175
163116
604785
838486
285326
767555
637196
587877
397761
423427
829248
677156
163483
749144
183255
068322
101546
102718
055664
490416
144555
169257
459677
229153
841293
176064
150770
302709
733852
228350
038536
854152
828755
247002
442059
268351
154559
453611
510156
628320
959949
644355
645052
045822
373256
471912
244099
761084
617723
378201
750625
569319
451895
536145
962268
470559
343005
069805
673495
679985
458998
613217
127416
363539
360025
958317
211205
311756
972987
050229
613726
782248
633508
836141
828771
050951
424719
575678
562324
652204
984690
686750
479267
625193
374462
063553
843719
074609
014017
428833
444380
683563
485400
559384
106031
471927
017786
158427
569016
652939
100445
431348
277329
764854
707775
771240
765155
578219
265834
110477
683153
624279
914439
885492
681590
032527
938184
489862
435290
457702
924691
603771
871677
617021
293299
957895
941483
922066
075960
864128
617542
087717
634837
140404
723316
831264
582550
771963
835718
373916
152013
070598
678822
594692
142106
452513
274708
903748
228533
088625
116502
273084
111115
632393
771330
919674
053798
912992
812909
800974
528112
641387
094414
328268
705691
529787
000856
303358
769326
734625
346236
756716
037333
253190
495704
362579
165007
415420
011773
263976
802115
213425
747608
462837
778638
208665
251236
977145
608059
588946
883106
343672
596125
393443
906027
877011
292469
882335
541775
436536
267408
302839
602805
664942
801786
425099
293723
121680
827540
746349
237232
918150
241072
778843
983507
460275
644521
443192
090638
045312
468677
010455
806355
664856
820425
786001
638922
521557
259412
661966
433405
105161
901888
138173
660012
727865
709408
911704
554021
471857
022663
503478
027747
310265
753370
801913
823165
398619
091649
768080
118905
432343
965961
038598
296618
971148
445115
452560
509704
157680
003811
848759
100180
024507
312191
477890
223884
959756
016295
004643
217768
337476
356947
432516
603405
993745
900362
417257
834082
387795
938256
125442
265921
520009
570985
521746
336384
347797
845705
538207
091193
369824
056782
323118
181676
429391
556496
809853
267659
807638
702082
360677
334966
634123
319479
320187
394876
955594
507084
442282
659330
385258
973133
345508
275438
011965
933448
893408
630534
899835
562465
844323
657736
591205
593187
315254
513769
521579
439527
611206
011890
805533
812975
422468
221634
445715
882236
124027
986222
887969
422434
580124
237434
086379
881869
347891
355094
603787
416022
632493
937939
264344
590710
852910
173662
871264
601534
812072
693543
926696
761399
664829
086844
986062
259711
844342
334414
802454
788574
676648
560355
312908
266446
017398
841194
908087
297883
657949
427003
250330
462701
208593
999282
843970
897747
497926
077125
221872
307405
779868
470711
215358
180856
554072
149560
211259
862689
875927
656686
719662
071249
400468
384334
248571
220335
821491
376745
604293
317533
511091
854581
779268
070660
209407
220917
334093
255500
864326
553539
753403
645498
659143
348252
289497
479032
446717
997062
025183
340033
200203
288926
399349
959355
281416
958215
945664
200809
934505
528946
929402
388508
914225
562704
329048
320222
594745
355489
692220
818138
214577
417189
031215
067021
335098
993094
271957
295431
637141
347461
752128
854245
568981
469834
348939
259672
906773
183126
698974
927270
728039
775535
069136
249305
815309
053382
596854
085669
288396
412926
162179
268728
386812
195518
676097
703243
076295
399841
572285
835040
107231
782877
109892
332636
389594
368698
510307
774054
401167
258180
745791
652740
545082
899814
811605
350333
728284
063391
370192
702613
246659
588494
534055
198691
287906
410528
832846
378154
946157
253294
364836
252238
726758
909706
395509
109087
412578
116205
798877
512761
116179
090809
256946
415539
923929
435729
156454
138038
265869
538331
803896
098517
741264
042068
654014
996975
521138
239688
618485
029330
530664
019239
021626
193198
142879
627069
675577
293855
407159
723366
730298
018922
689131
906121
181847
777552
067693
917735
637951
852063
551260
110314
254350
937701
395952
297623
433686
552605
205302
618412
476140
670379
691678
359509
989347
264032
744537
687167
346415
971703
744498
354870
825955
044395
350019
783653
445445
922039
068890
638524
708534
546444
308604
235616
071793
152232
581730
667400
881363
222935
849414
451908
909760
992243
625402
897055
496526
018289
619278
089902
311953
012811
430985
900859
650781
490412
791402
577028
999189
897167
021409
186198
268677
173121
277009
883031
207243
938080
592555
867114
276284
533481
154607
084267
168995
772910
849064
635723
048530
146650
958151
561709
978982
622516
973865
829973
731355
574970
725577
894399
790632
089868
498715
267047
105288
706928
713311
345814
096410
191315
905521
964050
174702
870373
133538
470068
980991
088669
057280
904475
608344
821064
073417
432942
200588
112497
913606
070926
092238
052777
389852
815397
137610
905283
862498
429408
525579
567172
206244
520257
785754
872289
496040
871335
297788
156605
444018
772836
048062
182735
973575
025320
311927
657844
753176
069475
536408
408665
241770
048660
621951
910946
487320
349593
330702
226520
561719
001498
886856
827121
459562
029250
539147
151236
672903
767243
220308
518344
596016
693808
136332
760839
754970
084882
735626
897497
254380
682370
039138
907248
647425
769230
055137
996625
270205
227567
501559
835804
364773
720013
527262
427502
207607
574170
712959
549100
345973
361263
167377
789348
659056
093038
531584
274828
593698
135023
444205
372679
220534
063316
406235
629744
133924
295019
178008
727794
971026
430806
545526
410842
455996
702363
492659
824562
424080
154388
281281
955345
641012
501309
555702
675660
034722
724277
766023
788706
195884
663234
311322
291030
674624
623587
703088
472198
656910
714210
339447
189768
958841
742303
999479
420454
043459
784081
891152
602686
366015
378290
597341
685487
720297
260849
282290
048178
923860
261543
802704
377270
114555
830462
766826
527350
032323
619593
393518
730842
546229
911777
581087
869693
056370
470555
820411
592840
212483
792077
725177
400478
335575
303994
813066
306408
267895
879721
493460
787700
467406
626887
803975
212029
206018
255509
023430
102415
891592
627727
918080
377259
128970
182433
277470
176607
173445
371003
171602
846155
136817
109317
840128
116644
282845
664845
688897
634598
359644
527378
181905
249394
775156
721164
580485
368556
280224
680404
489827
478555
948081
560753
628402
955104
144124
362075
943488
994723
529713
586534
086400
114334
872276
712486
987330
122891
268917
702199
986746
879966
469128
903364
789276
527483
976943
058767
318300
092531
735282
489220
666524
827896
494013
117030
776189
391137
392328
581284
658533
670826
873612
703184
504765
658591
890782
847125
633257
728336
162956
725194
437651
007236
746701
947347
574884
028360
487706
743890
889225
430150
802451
016616
510197
892226
524325
542265
224065
700048
260426
074616
686416
430794
559414
719708
548896
239092
393193
068678
527732
474688
849474
874009
818884
728185
627615
788586
908090
551507
052997
659154
564897
257476
125138
128903
378796
206594
236792
231119
122337
549274
263836
303411
462764
219789
228064
055903
467301
830300
663409
274510
293958
453303
215537
080934
200585
352858
218746
934777
802075
503489
010643
818191
402406
640132
057664
565502
562277
423507
708453
467619
984445
997720
722967
975326
151126
107992
100833
513022
483006
353863
411815
099529
549043
452592
227709
601515
947156
827860
622933
996365
271064
784400
261201
586717
491407
910978
589363
508438
259272
640664
573007
578515
608522
929218
318276
731385
413018
022803
840170
269779
561213
985506
801299
308055
779771
785692
285043
089866
171507
287868
916742
843712
820595
536403
672008
857872
464998
655431
136030
822861
180853
138494
046687
101479
912491
060679
862696
311700
199584
425379
091405
255086
260927
422389
596228
093427
108905
499703
645547
881113
150432
791776
935819
094678
009458
454027
935491
516285
160151
096583
111658
089107
415476
572180
387967
012260
869927
322438
748830
870842
813714
386112
352971
359952
358796
217411
313307
694604
693589
274254
310896
067089
040117
578660
349822
217315
295099
697626
987984
187182
204057
004108
164914
179452
660928
162006
824500
487905
569606
803716
685820
761007
734966
591087
439806
920039
198904
074912
244830
527916
453295
872197
333558
458001
628939
242953
153284
934829
150542
129029
546983
087900
192040
633445
023334
632642
557579
152032
219504
642506
143835
066888
141009
122331
777487
383152
561087
888603
197336
302158
426033
526523
147752
399300
424428
744611
943700
201787
051727
438649
515035
289718
867842
022946
192458
282894
860928
571660
215249
950035
563349
033976
461563
152413
226411
348576
339722
000521
464504
731289
819321
980271
248087
757215
037929
250524
900300
406000
383753
286318
534688
505070
038618
668973
723832
688479
086899
267039
122525
211965
560254
901969
979131
909398
758046
529910
849496
435702
047077
566964
164684
007886
318951
910825
358499
841758
147140
541715
469721
542156
031698
174815
151757
874608
230373
705676
123868
843167
757994
615067
109696
227404
771011
421499
869086
004612
076983
425041
037090
688977
718520
602458
575171
529650
511637
391846
107113
965465
739478
174102
678488
617158
806676
448715
921829
062324
860992
518486
099691
170559
770716
537160
105657
674685
767305
139877
893133
349562
311540
156462
004886
710371
121443
117375
066971
766975
029658
086463
471390
257769
198008
898463
425505
925707
714307
533985
526516
967802
213456
035212
233016
682738
303244
841091
702155
794346
966404
059374
129547
766030
573663
659955
957602
507898
833218
248980
788317
101817
982189
544721
490559
403367
598225
503179
166857
272553
719334
925353
686469
512617
496682
092473
313222
071350
179992
701998
533023
569952
526963
070402
625871
172905
808985
613525
655949
946689
438145
859622
322460
440095
429788
851681
592855
414866
222315
685956
686309
261527
113608
943444
622953
091395
195371
059050
541432
890977
997284
208682
409016
609160
418784
387782
126850
247997
203327
098863
595245
965015
539388
023316
799724
796023
062976
787758
697697
655790
629281
333445
044536
502034
134823
168634
069906
511005
885820
950973
237020
548960
603169
556341
412288
908198
012330
591949
768444
747802
767743
632138
782416
211701
119936
717253
699939
345622
539076
098369
509650
151556
882612
071144
700903
157574
824082
531959
786497
957645
702744
753786
428606
903573
379024
302894
651510
341186
664825
939976
912440
614467
970637
776768
057020
664674
858873
593130
848828
646642
090795
393459
795983
904998
830197
344564
273569
904838
221418
547174
073183
536680
518782
784497
806247
828170
431210
963817
163454
237299
163937
627282
636552
284725
047224
143227
287619
327714
948495
872463
946255
351996
313728
995315
969391
057222
824895
582341
128541
713783
850563
270205
471518
678293
536843
852056
502200
041562
007736
815102
899732
410253
938252
068525
721640
637283
474166
707851
373951
401355
231994
946045
102316
346609
118497
209461
195524
742296
583366
490757
241752
307602
418632
250276
267866
184716
616707
346778
110648
996307
405114
029693
809456
978904
189435
349756
211088
083919
271889
136521
335741
203661
914688
830413
611665
104237
634389
358584
407983
976246
380234
932564
261515
660799
212413
941457
472768
032549
567467
759360
521507
071194
228643
012159
097118
764016
229474
979075
823725
420215
767551
191516
602927
715241
029700
299078
160252
841818
193726
250342
083407
659269
011540
277503
832552
672417
219577
294028
671232
496613
735935
091460
540318
704429
426324
372119
797090
960086
345021
697108
054060
497920
254966
544029
025508
253447
280262
749261
643782
698262
536709
257020
435843
166093
119433
730723
616502
317017
407189
269510
168247
118280
681016
184243
532195
269555
921064
442793
441991
916839
862593
211542
277870
035771
848218
987802
205417
498068
826227
392744
036672
345602
975720
195956
004999
200556
949572
732724
151140
249000
997882
328985
891974
595586
134077
929144
902889
605251
857837
154400
339912
351732
982071
228847
843565
961210
417602
583489
957831
502709
626063
923448
191604
989508
358066
690481
733601
727321
141312
843804
993048
665867
970548
529029
286338
772431
094175
811880
751313
900352
614184
832414
253301
069378
416885
289298
061341
645868
932908
910843
764461
481773
260342
572539
420993
548216
303178
935513
393082
990963
168481
889283
339891
052786
415763
072011
274417
076392
504498
397715
399464
609175
341318
934868
539767
604827
289758
327006
762936
939268
445995
808529
109153
968260
905720
935476
834486
195270
409862
392717
579656
926581
995903
439004
079275
707736
451868
269001
853457
207434
919443
602640
840577
798621
524004
985446
763787
370380
903994
358840
892632
449314
275324
443327
892148
311892
171285
593684
931408
520569
615361
327307
692222
866292
881076
222979
458903
892123
733731
606913
458442
083520
500158
472038
637562
588844
633015
806492
087168
267534
824961
016026
095324
092034
413857
392190
801298
041617
589799
777862
061916
812746
213105
716876
962331
089022
288153
361591
743549
795504
003131
207142
457430
612563
364944
707774
906616
892134
640715
035861
396243
674053
839608
426312
636369
020951
148623
715738
602488
288737
100600
405739
780242
506179
727942
821165
454836
951983
927119
386328
235980
899507
531781
634297
676584
335149
464231
093527
084272
059054
864882
198222
704420
317363
709195
600606
530023
630430
305721
314141
446385
665430
013233
353849
219263
061215
431779
245165
235212
339404
525881
924246
880907
565481
025002
385356
600782
207890
687708
832064
929208
758079
333016
744784
503067
355406
779646
311662
429184
199576
631915
126678
008985
991363
852326
407067
857778
693752
983159
804753
460255
598747
997465
986425
935203
376089
619478
960434
228882
187882
760943
116002
380205
105329
310430
378522
310645
509400
307846
173417
443414
578548
041517
532159
068059
120198
795860
194109
248001
183412
405191
570167
080359
390328
117942
520224
577522
328069
520775
863021
275693
385545
551398
228167
316928
873803
994027
265662
966501
500716
362294
713689
175711
303435
508415
937618
449177
108798
785502
355391
985490
993619
743521
057159
776608
774801
436317
940478
725983
963549
511521
617428
340834
009150
044647
339215
933603
893147
274189
263294
229479
505209
373204
697826
638345
038654
473118
352808
617361
190030
258436
003223
184779
797146
939302
795625
373500
109913
138189
023359
962467
761417
832278
212930
279337
496328
221236
806090
407230
459944
564120
530239
342536
240235
140134
432893
394304
661035
735669
142540
153594
216691
628974
431478
754716
242815
153625
314400
690256
167693
273708
033389
845980
607965
576284
572897
191805
587176
733573
607476
154161
051214
031249
109173
129168
452035
966421
374723
646284
268839
515561
306241
153204
901170
499912
909873
108359
591434
345449
365836
353519
600092
826871
387290
057637
690899
990332
156367
808369
342916
169759
190239
772873
915607
966046
254150
132409
468121
150559
492730
130051
360780
066653
061278
328686
712682
740271
236498
888782
988197
288774
437106
581425
047718
148970
416442
521130
576605
097091
912748
618074
903818
720542
254967
643146
097520
912895
262794
420396
227674
684414
831502
458244
495484
906695
294679
111988
582509
766736
195162
605283
165543
976377
997374
391277
569777
557233
560445
207133
746245
961225
550946
246920
573116
090184
113952
241929
622516
089792
229338
280841
623505
747911
885867
518826
076783
047525
355564
959332
299890
575118
315557
936647
571200
238519
396779
323611
325422
578182
509344
656456
861007
616697
688264
762010
194166
365544
343835
436639
171343
180541
791033
672100
042547
243335
705856
953236
135104
499999
162803
471790
688907
146159
484608
094689
911947
128884
540056
300753
277423
162302
744708
745565
454058
843626
909379
112962
721800
016819
983666
573556
795769
860251
138691
722129
296357
993217
498157
808418
930357
195910
939798
688658
660946
747342
130231
628440
778902
670907
813095
960965
041908
731232
371841
790903
629572
779951
725587
745526
490874
298947
026450
614309
421894
271052
877112
855900
194289
184902
183335
980110
013826
235606
440210
613776
374415
786100
806963
372340
224987
328399
013619
485857
739835
002215
539598
443814
371295
524103
134022
176813
430872
628598
249365
010992
971840
245153
706672
791524
274888
655487
514175
165231
278081
069894
215149
236624
423872
306367
980779
247156
163567
114218
768427
779828
034925
606084
430514
943919
026110
364922
305841
207216
761198
742658
047205
312017
649845
927560
874267
052724
649870
261510
277917
931429
874243
348742
319838
664312
963000
604206
380711
717952
968464
689366
799586
926671
640325
975569
819472
632980
214849
244813
698087
328901
910047
451341
150507
435470
348115
680167
068042
441440
590746
125085
640330
340133
698357
619816
656931
722410
688941
206058
039766
919313
958778
288552
195060
632663
971783
873151
196685
805753
750933
844534
605804
960704
330060
236835
277051
782927
576680
886158
695850
176834
882293
644582
696006
161336
734983
152899
177300
611875
191036
885646
826645
496569
527325
150099
506462
235675
155619
970208
170801
343185
384036
306726
917140
765975
460382
355617
280097
565125
356472
073266
775244
654149
526447
370903
525212
230714
227622
585305
488218
774316
750579
756464
324710
529582
328551
865693
609542
311140
791010
880576
304204
311271
245180
391773
974255
367685
182155
369645
103186
837576
467342
810799
855052
056298
451870
580714
520761
562457
805869
422110
266823
492357
602239
579397
862672
171053
530026
626744
833899
515719
104650
859647
447529
589058
604007
255053
482647
769544
167547
900277
699961
371746
256117
558707
833613
921929
267674
551144
898644
064625
990202
917950
171676
733124
904113
638682
628475
497808
905246
876610
268481
796142
292951
137187
622339
324422
339014
036622
557127
602366
907242
005208
825835
714220
748288
685020
043495
339586
562532
584369
374608
471489
098133
521849
435781
457954
620045
232661
743250
753518
770627
377929
584704
447417
670220
266684
101579
789343
493304
232673
647582
559384
375385
606496
358260
899201
855502
651581
171170
653997
478020
166997
122012
164864
816044
310975
305817
092109
274993
234413
657088
809043
917606
731405
386304
272912
489736
080988
616479
467380
552072
043440
538423
751231
013109
145977
249663
756243
178720
393210
379947
246464
636077
936382
410405
236471
033329
694575
563207
661447
294159
468116
716610
226334
996897
717392
611201
085345
080797
210559
022725
704556
917446
718640
207378
831487
367047
032040
381137
232645
027499
669686
250952
558302
017655
438880
372483
873178
240817
935086
511467
037127
797085
477258
310728
781822
625476
749521
847846
219627
773838
947447
653525
199525
551366
795550
459584
883497
087062
629465
930240
710012
323673
905089
859700
179023
284441
890630
429525
253591
304146
466044
472837
877743
963572
672054
427863
717253
159830
478920
160808
164656
048066
584873
257217
604709
546367
870996
091129
664156
113790
640201
712759
481512
936136
067786
362204
835684
841178
515879
305184
890067
428294
456342
752876
878641
659336
541276
903716
777544
266093
657011
736802
130106
945150
703012
122417
439127
782391
924548
484037
755426
000267
300573
922518
312725
215483
249383
181165
809978
400470
028684
238180
026661
135833
263402
980147
131073
375060
646368
711474
807583
206571
138780
673209
364740
116722
189872
559789
097828
951114
008119
344578
266464
807317
057204
771295
965040
956365
906248
099068
753266
800684
877891
694428
387276
688677
279278
133299
458934
786605
730175
917988
440370
514137
384985
580403
710718
111745
891042
271725
955760
260016
387584
676393
780325
780221
344315
102673
727546
880403
290854
436435
338105
191863
345864
727306
391099
052579
038720
154238
498098
501753
813058
045828
724658
301773
526446
692451
561361
943183
624733
318569
938966
445568
693873
300761
488485
686299
117522
603619
420161
397273
757053
081635
527200
639937
121909
640892
311098
988956
004710
674675
175251
653057
605483
116840
997020
986374
486627
510477
115488
087542
127298
430426
184935
267708
541058
477496
076750
853639
072447
085564
763697
939177
427684
337072
458730
905547
043226
162020
426272
017501
086759
778408
056773
984414
319205
371788
227522
307338
201225
713482
746601
862539
774873
628080
128007
014800
193554
736480
106393
041597
500173
376381
026779
340564
438448
192193
457824
329975
404475
991967
202728
815418
219326
779784
070616
342309
560911
223453
262434
859200
565919
106862
542991
255592
190805
076393
733084
246523
626965
301392
841185
796850
729984
518220
776843
024345
646069
110692
168870
583236
817276
216940
609203
106423
627702
931144
882976
981112
833938
484497
483907
495281
457376
994782
214399
958705
283188
968860
916942
159426
464524
889400
438823
956164
335478
867183
787560
701103
384689
945440
600757
116673
018211
109596
223927
593823
719694
100263
820753
780609
740835
470679
920256
469154
647168
492904
982698
102292
699468
365041
546078
947969
065174
500654
817889
863964
428706
786258
066353
857839
999968
857975
452231
231191
126700
144185
183529
238431
556069
196776
303398
283480
067289
662691
942194
098214
960038
043322
849350
594573
129065
478440
652713
086922
427855
211859
496256
968328
202775
173392
754112
435929
354654
173653
388955
764798
693939
561878
691434
618426
842142
893038
597456
415839
754634
206557
003947
436560
102067
511168
347745
528190
948498
480551
653625
733609
625047
444453
150425
439243
090719
967243
759475
008164
582597
303242
109180
276047
213370
421362
655715
677408
748591
471416
093570
588734
576770
561678
500260
504514
052235
970290
469312
299579
357576
008842
631247
729302
199804
874934
560052
842879
536988
299739
581373
463160
422486
310779
466979
061607
235303
579178
481186
246218
980499
161792
843243
993856
405233
972697
842636
530804
977719
888543
291909
448480
832805
756791
188026
893359
384205
197377
297892
989130
216876
879199
572595
951600
812456
994209
878020
607363
584928
347009
742510
154579
115354
537451
097866
641388
695946
358037
172832
298760
208697
476237
718065
091986
973739
079392
914446
462580
722899
678490
597001
056259
808329
355114
748495
811324
317520
930770
017237
363819
576963
560423
288908
983015
187751
952061
706106
265731
115180
933984
450797
704599
604653
894928
729051
866839
470465
563766
734256
797348
479909
744975
509689
486734
026711
198069
108557
619978
140329
150253
251864
095558
014675
660168
350335
473277
481213
238078
404291
996865
785384
507688
548316
604733
214133
395019
814234
700835
395843
554482
305735
803706
986410
421367
589727
228884
390273
519724
532080
347697
943709
243260
524540
022960
805529
161270
040321
219407
588310
014696
644255
437856
235711
456763
384567
772402
870808
534509
271077
215226
972017
986127
060150
393701
566583
586019
279737
851825
424873
947443
160497
775067
798844
681320
005938
532848
957074
143695
803873
576204
140257
086208
966355
906616
688138
035644
856582
734481
646074
823902
418606
353612
452211
145132
345922
877485
322008
404055
699183
829844
789447
483524
402465
565693
748970
011018
819922
495216
052524
108347
634244
599430
883164
086653
448759
079274
393393
256414
894267
988679
566026
844181
730083
980878
398444
630877
670189
843921
567051
208704
263468
675015
232023
188044
071276
345719
450076
267968
895933
087442
085644
330106
027228
853304
590611
654364
412402
372808
796683
201107
084210
876771
845808
705468
289385
054556
529059
997712
674352
391905
361917
590566
326984
573093
948067
330858
866406
002244
287165
904037
142757
505672
113217
699549
685252
771757
635210
390683
507003
512868
180086
091043
100370
699694
006640
507966
026494
242189
030829
519041
773816
074813
850768
453860
609608
746550
916986
423024
353449
582210
112227
437005
290812
106727
736036
796131
962033
668755
486414
613548
902552
095789
736825
277786
196470
515928
328595
986823
804925
595382
887161
219653
258262
112173
448430
872006
713275
917125
223673
733940
286522
939939
729933
463505
502598
680173
162269
693437
111872
676582
739875
563599
776369
058041
805412
642985
558899
705543
735056
029144
131633
175336
089892
467721
649125
080885
658783
164656
572244
610667
149717
979210
573908
616597
249622
191169
991368
710517
034140
783747
377176
515187
990514
126277
540030
628289
372738
219441
883574
737691
661964
031942
214051
627701
922447
227351
618208
082999
287167
613403
919628
583125
028806
835992
597979
690085
559892
469582
619149
044326
148424
877761
731270
869603
649455
978115
233389
123863
680024
658090
161503
160669
483670
047652
238053
523490
417054
023700
638191
386646
349459
583867
565349
582157
164991
335824
874284
363546
375048
616983
258439
941246
080868
995447
511974
936633
393527
008331
009375
485208
223496
701179
611834
566998
701858
875502
426121
780629
415461
524762
060061
365712
766371
928480
176466
776332
745477
984224
119334
091586
427466
361318
343651
675945
513893
186282
942307
667428
763582
281450
471793
777124
938971
656806
539043
628232
684162
949623
676705
142187
634289
388172
962826
652153
605439
048588
903712
016434
998577
607981
644817
480832
304851
677784
754612
419824
553492
899243
359422
413959
707614
074778
383791
114956
190081
731367
107571
617401
936887
530840
660223
346479
612174
528392
977392
630687
808984
457750
242486
479627
220915
700294
480114
150247
670769
913298
442879
501958
136642
939277
800992
497421
839519
692134
613239
599236
614925
642600
613203
263454
347734
752325
062719
954159
435243
060477
922683
515243
935606
671077
410636
885498
010983
813427
773005
846499
652605
819180
684552
899460
225557
956788
196253
663854
489558
534046
335089
572449
699972
383296
236540
611622
440195
047357
819244
042782
624608
809767
563213
825410
568134
608513
340953
022878
262764
844943
633387
269259
189629
868023
328251
401791
003784
570271
464609
344340
949546
311789
096555
710230
349822
291013
715559
252804
075384
787838
758415
477535
520949
335463
362049
134680
812484
017036
196768
394276
978664
702560
811166
521085
372214
235309
848454
940878
141277
615460
261271
142803
488956
634443
842139
270547
658528
646291
193193
650966
879294
538388
009105
812572
387546
807667
771228
263503
194799
974925
259498
434508
451255
436030
697605
996770
940803
311043
596885
757902
866121
113990
704358
524246
117765
355181
496379
625601
291265
948255
515698
710793
861535
444577
175070
509801
387473
153180
969870
122413
922306
215471
504259
219667
031603
090165
984487
499931
284313
121005
062522
413309
108548
959950
188145
304902
367959
263302
292831
948809
422879
492778
056286
090944
879097
004263
400129
355122
223472
450892
021063
936432
383538
727170
029785
001319
252933
283886
340151
007467
845348
647116
719891
926734
044620
792028
681755
353080
082543
745991
647878
417327
655353
308779
247645
018124
634976
976875
433794
605446
902661
900517
574943
334726
262765
545102
908585
494120
778038
380863
820661
809993
964776
093490
919542
241167
770083
561344
591940
597267
696121
694712
270482
507144
828903
084202
598978
111825
718747
404118
888469
091370
312045
267624
112698
202751
892630
036782
318278
998402
711822
755399
994849
778776
590169
124331
030475
516399
086507
672647
128462
509457
395733
571928
366072
244969
684447
903443
338991
176095
663269
272017
635747
300663
676304
996368
471513
537863
536595
163731
973721
912124
676109
092144
476115
876633
678323
824990
282087
672027
571492
036367
026531
454685
235125
671763
823693
520973
527570
505791
437516
162928
916576
259571
806173
374296
306742
837144
810879
545136
792785
162736
473499
459915
966937
930247
429842
005974
121906
857908
469408
017383
529950
702384
642072
976392
735334
365294
227125
961892
336780
898153
856702
773141
393550
267012
040677
610762
406427
206547
526469
600410
460191
958512
753860
974323
256965
545404
863631
587098
192166
694777
243104
512922
404975
272266
329437
848045
143328
479518
969440
199068
190795
120313
128701
375685
655866
783818
658161
458500
366466
377085
677280
759444
134697
245017
945129
907149
176144
035758
604491
799571
961564
341329
776029
761185
659932
816476
579150
076270
217017
612914
782466
892413
189577
427252
036696
057705
746633
234838
472514
006366
012391
561631
143135
891274
239665
807627
783183
648996
793495
945858
690823
293873
285849
681574
811951
632937
819179
142666
582263
793745
938071
284688
174778
462462
052475
806833
272341
657697
090347
883965
070796
591968
673487
645350
202160
520051
064227
854051
283665
315680
474360
504662
669862
155488
879398
937591
285300
384263
106456
499043
967687
939422
632560
261361
939936
713555
856306
266015
016781
552599
264415
684593
116744
272976
274693
683740
558224
380372
254259
927810
401436
283703
114606
348894
840794
252787
369499
349407
203943
998261
335595
985319
676534
884344
867465
877343
243318
773640
244506
230966
743043
615783
579846
904755
065271
902554
852522
085557
964304
520818
325453
465078
383216
669007
462261
926593
291027
202376
822968
579043
314130
634393
803797
927799
283802
683604
319208
339260
907469
327994
998181
537653
754453
982880
581346
953402
373153
938326
952772
827911
716187
007945
267558
671803
477665
761996
547219
286537
909409
071273
675848
548451
592019
645927
204161
760990
681852
818278
038732
824166
334226
577640
961605
173826
872043
092014
543747
963342
544647
327307
452572
086888
933623
667192
369685
754151
551019
074666
798771
967344
833490
937510
475167
203185
792491
882849
767626
006069
080870
206620
635759
341576
584896
794985
677598
800012
357551
728303
905289
494177
897839
646296
692568
571312
232650
351814
800608
043610
980512
185310
593448
714189
590820
637368
184286
385933
180426
422297
793663
377599
258980
523892
676840
013606
707548
587869
905618
615105
713518
702712
261871
246799
235253
928396
483179
235288
549543
602408
116185
949681
446752
431845
284753
814917
159100
394247
086018
246466
608878
236589
599925
009822
215134
255770
447441
565865
753827
195612
827731
822262
996854
886107
200846
241938
222856
112698
887942
229299
597197
872265
500069
673850
838479
743784
066374
200896
839806
196324
742927
686435
654229
629456
309427
488450
278872
283171
277339
352951
769619
670231
373606
566971
589093
491006
849841
097565
171018
550568
237355
059089
529403
724969
567518
357747
050617
014430
401594
084068
988802
542878
080335
525070
001445
555699
880567
803513
868361
859298
367888
873111
880867
422694
098719
113170
235329
124303
549629
377409
603777
346973
539351
517203
265547
454013
788066
055216
864839
056845
278846
698834
565132
541477
071664
066725
058952
985795
456055
897007
344021
248479
267133
219387
477012
126101
111390
108879
762826
805736
128014
778061
862186
818217
885086
237945
814514
214524
234254
906958
591415
418387
855814
838152
427905
477653
852931
008838
359716
122276
087327
203561
800319
215855
530064
735068
827135
264515
166543
263246
248915
756932
106144
234117
087166
659552
812053
094166
944193
323150
377250
926346
736355
149532
268073
450641
326992
471695
980304
781817
236365
308808
371488
036723
664627
899647
339971
484868
025151
636611
834809
984561
631629
605843
186946
721480
815539
690484
568659
339902
345346
637008
144302
031641
946972
611830
974762
547828
197527
894719
194624
194182
439954
088698
723008
333693
549827
964102
736568
895261
091467
377302
317046
646214
803918
139486
191807
861341
310756
188616
690402
072868
831464
494275
933868
826817
015692
298421
048328
454691
183861
327875
835562
935731
420985
979929
611717
462013
174783
450216
947255
959290
733096
040574
830044
492684
463727
393590
750417
823018
495801
481680
053841
778250
524954
644792
946253
596660
567598
052529
017020
212776
945125
966308
427782
383131
015637
938984
583270
765976
748404
397385
019562
472942
021643
100425
682626
437778
409581
151165
654896
012281
799296
640226
368076
411544
978191
420498
897933
358886
418949
435707
417257
246134
223724
818240
947910
326516
231315
933759
058293
622379
857140
762702
127599
214507
354646
895236
053718
947294
244183
282803
088068
936540
867477
989506
132941
314884
996196
157259
888688
505632
674066
296721
592412
313219
714141
831244
731715
325190
232371
816291
509492
676186
623279
197225
377562
430215
821377
040383
089555
915085
393524
496205
889955
877952
539753
148504
474850
025212
988803
042461
663581
371177
247091
508722
944439
151143
556428
091467
953627
081287
663995
805197
299810
735228
975218
639269
660301
611446
109984
922214
607883
297215
232868
806172
173085
516976
026761
927080
762897
389038
563923
355381
663268
775615
242282
862498
772692
575994
570709
547206
875610
055500
583980
714758
285287
386904
167130
478130
336410
154197
543011
127150
500217
017333
932964
943310
225931
526698
675072
000856
731188
202610
919327
440255
618171
997268
918333
774437
305519
973446
599861
298481
949634
104647
925424
713204
332272
358213
829183
625806
070956
865861
557596
066745
149670
722690
288377
362176
018218
197062
042491
691933
151502
554669
031676
593488
108924
803562
231617
967217
475092
068156
035392
453610
589404
478650
581478
701561
920377
435618
043889
219504
725427
369170
847922
434557
045383
290965
197613
598846
609571
204732
222725
701469
111381
754873
750573
263612
317943
114671
961529
202853
106469
752721
798077
332582
123557
251113
388844
963453
441130
765070
880106
339231
057632
383547
416077
988540
516733
189514
698618
932975
178884
491949
517012
457768
785580
037882
425375
347093
195571
157892
808400
424505
848270
483302
434438
520455
742281
822507
704646
872973
254553
514597
189518
225022
136108
918523
669055
331183
621700
133084
578373
875535
417500
843660
526413
931912
449911
398470
857297
646555
348049
495630
126442
702444
967098
502952
640196
914724
753678
710534
454350
439048
775920
143280
756733
892527
168051
804598
011551
452412
050136
262129
942189
069959
590846
234872
701738
168687
940170
407056
611267
300620
233651
006333
145178
528737
208414
692134
782683
484212
480973
564918
625877
892319
418063
407740
001496
385256
835281
077977
420405
712813
847536
754256
507203
976125
049739
749544
913307
411271
305763
077208
540499
544994
262730
657602
905160
046778
718676
240065
140983
133135
908032
429299
276835
064370
801648
695562
458675
179939
400057
267601
788718
176555
649253
186400
852261
764082
315780
267862
762056
969391
009112
208514
829985
115226
058973
791669
598017
288223
829988
987393
387446
693159
900452
907056
399716
671150
182037
381246
360066
402177
673474
984371
245360
301110
568559
407666
246091
489383
020496
730852
626780
880442
737278
869298
312298
825728
414714
025689
942956
828192
206328
534857
849265
164310
218813
566242
000907
360696
637000
103742
180399
558152
407845
538501
757572
689712
142828
298245
685333
642425
314209
205492
443187
434710
548263
048215
460192
671675
833695
119337
445368
188048
743385
260375
366571
953142
385523
643852
754412
240437
881987
276468
002446
825767
916321
735543
160669
080273
721667
059815
993733
753265
969568
841101
056093
935499
612891
812570
729332
330901
944865
038191
625149
382463
637317
771126
028315
173163
203584
591653
087736
596209
274193
155601
691704
784509
803233
641703
701116
846839
969946
396836
587748
288227
057357
491250
331495
529783
473934
150663
683853
839499
632706
450389
778765
944783
724329
496736
408546
620240
804865
487323
770734
225539
766343
621319
068031
295200
225080
010239
498123
590217
529986
872972
824318
127191
718925
931837
496703
075184
574143
220933
208932
795538
886744
256307
719333
807111
470101
232344
193147
221898
324524
158383
397379
289308
845024
097291
330658
140652
926290
150069
459176
071960
363680
769553
374755
459562
203530
659785
987044
096034
927665
516054
358554
039565
458319
384761
238051
166971
379342
262800
572323
542796
189241
579974
718370
583345
502742
556886
299198
007518
784047
105522
700481
467384
942056
460424
389744
148280
078398
333850
075440
030532
124277
556876
717905
546269
281779
453778
723924
005304
177390
324350
767421
993889
685097
384313
749336
297529
519201
005735
240227
457406
843345
965525
404253
012942
648944
059795
921043
127365
178756
902441
414971
882566
316302
166817
446796
372797
220509
070411
794499
248181
447396
939355
295809
768764
664005
528534
958682
276473
826967
209317
167946
020930
443749
562612
803539
317632
167816
436774
425654
296398
984415
203468
048780
822074
918483
652165
375188
488639
372160
549022
767297
726732
099140
983248
254891
293070
950860
585722
606539
795312
815141
429189
031343
047839
239684
574660
778142
581245
220755
299078
818520
749671
523094
424981
588994
592908
020097
102058
454326
030496
389227
871560
457020
843516
913443
305989
629228
523296
191895
529343
887382
013605
658568
196996
559333
310601
687491
106139
507535
734953
670850
696819
115486
061131
957921
408621
341748
757188
378516
330473
818215
741420
337384
852501
821843
430608
560103
176787
175500
544931
584450
975731
876072
214160
513905
171988
203186
541508
722717
636835
731015
407071
650050
536724
604280
603326
363281
804293
887383
586773
371874
864941
542170
938087
681817
935184
547453
100502
996110
079405
658213
991718
581944
556579
409181
896246
612075
679903
752673
407208
636801
598041
204594
624669
529884
596372
288954
356114
372362
463178
057765
137234
369980
598780
605590
240084
130220
398207
232911
844459
637702
772527
208232
194891
249910
225972
044911
586544
253336
822805
694126
839864
930096
091430
844790
013913
315199
636888
486608
962009
841150
293571
125010
884475
256966
704444
774416
778941
375250
447454
673840
495459
002201
958170
567282
302126
414582
469032
594291
343051
169889
487981
165907
020611
643855
324680
073473
532913
910348
395607
181492
226842
267351
419681
212540
468411
512826
447422
534691
819893
171624
293018
214247
946510
635970
530684
121293
643287
335210
838026
875202
793751
990604
929444
523403
630252
724983
921201
494805
729169
070758
004441
301944
413923
284752
852844
088246
485295
075623
115805
964617
076064
426137
267755
086300
518887
858666
348919
126844
850166
771082
501123
874883
503592
211852
122980
574468
113498
409611
860704
131966
803650
500914
133916
121275
234487
614748
963637
872919
516053
848831
313281
567919
667892
893411
755370
165822
666056
344901
819414
022898
641933
254721
662110
282928
920049
436137
508792
514182
111284
211506
525957
753945
045525
499413
230394
271943
700257
402476
750738
327766
984533
000893
100386
495262
512061
044288
876713
755833
315913
374943
612713
658185
621321
881519
952633
717761
189126
458355
407783
960590
289908
950119
150996
039734
936764
395416
154533
309816
552326
725068
094216
209122
184452
829390
841287
084254
465392
634892
897051
775975
370363
052982
723069
941825
493820
037455
831721
147035
508771
474706
654085
457390
518848
431588
022373
757024
356359
059796
772397
348040
921308
355097
195702
063119
317508
850626
987131
134751
915192
010587
290301
274051
999170
055249
812965
759027
512699
300651
002990
574086
303697
661649
135313
874126
139759
051069
240086
052820
554471
649539
778182
482430
286368
525609
089793
755564
478380
881307
933462
080056
848951
988595
002706
874045
630575
522011
816556
121729
967947
700953
732595
136943
098999
452499
041599
668029
298473
934154
386607
355925
944165
239552
852141
915907
490002
544890
565011
506608
689826
210098
203465
773853
513160
666206
516546
995003
296071
375263
901597
919802
019215
420319
946081
868027
496775
554624
329897
118394
983097
061785
654586
376263
994547
572954
676657
367344
365015
059551
995746
073993
333763
063436
102968
155475
442467
648838
508193
723750
916918
934205
467050
413034
138735
064973
060120
841730
861753
255552
149042
942206
565346
966838
297614
144911
861408
915846
931518
059021
786872
442326
522525
831026
116536
356381
716188
032555
701670
686145
322490
752786
670011
573239
579329
617772
010683
564173
248481
854752
753102
820962
098703
307242
465060
582066
704744
203649
084868
731750
656821
986428
326737
915308
439191
581406
201373
116423
385823
110707
991240
850091
568148
361909
143123
728858
713465
398160
511708
680121
721195
187622
354920
476512
616058
147042
087868
397150
701517
384191
796456
190238
103967
577543
653971
752344
168057
706261
391408
766642
831817
335774
002215
257381
647910
002464
365746
134780
352018
333262
640683
558058
280602
528463
943240
493957
167265
018842
460305
820640
731000
965004
222187
308706
239454
515706
353447
719577
978931
096364
372579
734733
726750
153516
876379
820645
584436
861007
986388
370293
781163
277485
987605
591751
716643
694352
336392
089701
408512
339680
948829
000537
955121
349653
645151
745170
378268
558461
574716
337790
395687
708792
925465
209808
886353
645178
353898
220965
243135
027541
017854
329501
237809
129478
411366
268498
998987
693073
900996
657210
065851
844994
692452
829156
875379
918004
450840
713513
600470
038394
606697
086458
199205
488480
970499
334345
375376
179110
407003
078762
481464
172662
591143
559816
219307
278115
703066
570877
927664
793919
612750
626167
570564
700380
532559
092220
908878
931853
017271
527182
514332
481844
453669
305650
672588
151608
328622
225230
273576
953211
441975
575892
340319
898639
800548
164821
469662
161133
684417
159544
947944
117922
119436
989354
877084
143909
121209
968567
115747
656450
475718
963833
424494
402194
019318
452887
947975
836395
754599
571004
033357
972844
583647
631964
638215
343672
651350
450072
687036
841754
018361
915026
091630
881211
636482
479702
913874
088486
355474
551419
824337
404615
093997
693486
961071
335734
612790
398880
720218
202235
897241
967241
672389
039830
991905
533866
350757
206504
742964
749921
406367
649193
520617
590461
660982
950048
416398
884216
442116
442468
416460
210644
683249
749258
975353
053305
559453
315627
641405
285662
782217
478439
054215
244126
292346
140421
208095
643526
594555
453653
835795
471483
429972
084708
721998
344780
405735
344468
631685
481260
924170
334541
445147
773469
539281
233909
406207
704912
899853
025948
749192
676261
319909
005433
008981
321060
762038
635603
849357
876944
459804
174146
782376
747541
373351
797934
011473
451499
301546
306757
972595
031380
001654
069561
246013
730995
430945
030699
793503
606352
895907
433673
459059
300383
794906
141031
265493
954149
525144
860859
275798
524026
855501
187205
595008
648625
258654
035531
073454
230752
782360
170690
103547
938089
926116
748623
630282
397034
699272
797142
778133
809352
848225
288854
070370
986034
969923
578365
474957
027966
665309
036112
234471
655837
705879
572561
342209
810835
493708
619553
754226
357876
073721
817354
402496
341673
263573
247070
243696
682097
677231
153495
382906
715295
996875
188074
466206
086448
799898
665738
002184
773090
361066
717584
315813
116527
771761
544324
873443
200479
314253
831731
083648
978133
780269
945891
714698
291342
659587
463834
411282
279517
517998
367863
458441
150678
116692
309128
844677
040493
599581
588993
560259
769829
727393
126324
257631
406554
742444
892140
970760
948783
987388
125952
465385
303265
934348
269215
671039
363665
147960
755977
842256
670916
114490
613890
100350
772297
242858
630064
082349
466090
653938
429269
165979
656577
253795
632052
096755
844789
978418
052937
704089
374610
824650
011819
822621
498022
068954
775708
227981
203639
656434
373032
339462
277108
563424
911412
447557
027835
488254
845276
685953
707252
869916
851971
280766
469842
780634
882158
206518
254489
985301
544509
657175
385758
439754
204744
779602
141219
335490
676141
565838
288243
674051
805031
385835
826011
143569
658209
387261
162633
965018
620933
636147
771793
278479
025083
396332
808022
161637
577250
090843
768241
618874
290904
775436
206196
971803
962642
481032
333879
748065
179966
680811
260317
655824
491930
933558
440760
109801
629313
333995
365235
636639
868090
463419
665789
673355
830500
363011
919457
901541
111252
687868
565175
461244
725196
654329
170712
678972
930242
262866
198068
380302
055783
904035
338181
607698
952827
828070
643140
718806
584959
349186
545467
637117
837135
582371
298813
733168
963769
986969
096576
553031
572973
403692
685637
665277
084744
533769
546353
445899
302839
888573
103701
004082
064300
186254
103743
508784
460052
893420
938865
447258
777978
313487
748616
766370
673209
403156
092891
513347
488682
197801
893696
841386
458127
685893
829622
489820
846751
667944
159135
892398
473486
397995
577440
063750
726458
287407
012509
832732
677346
090880
689446
836040
349492
447386
169789
680368
878114
346015
480143
668607
751444
932657
978193
194951
148562
967089
132652
345514
974709
544306
324549
128807
902748
806268
953004
066539
409855
752021
009783
618248
245460
646852
916084
142987
976614
281814
338741
726263
611250
237209
769666
793221
475484
157649
639242
182335
026633
603563
327263
523999
936523
324511
584321
847304
942924
528998
355867
979636
589570
737869
832313
148549
336966
747878
210123
212522
582359
207345
885361
780612
440408
195759
021272
804946
075603
327147
257216
930877
313104
852503
630721
530824
959677
239873
191755
842244
369383
905226
090930
600587
283394
388641
413748
820913
788362
796371
680918
666244
975475
127648
007494
448457
230268
212444
285967
943035
459209
363234
062166
961714
040392
146727
921221
323507
789374
673124
578554
252510
760082
158158
606826
559452
326758
497150
007203
152505
660953
534090
613050
622594
673922
690961
831558
010572
788077
301814
218708
409808
325100
710182
809484
289467
203537
269014
303601
934908
406858
695330
877757
086031
746401
124124
070185
267847
659834
164230
448193
574206
553301
609488
232119
181185
943370
646718
724993
318345
022211
962876
194531
889221
041220
264062
700885
475310
015276
112545
208458
855053
544708
535855
183304
673528
825817
506982
015916
277434
647762
136508
712454
124044
712091
417237
796436
291450
960922
642890
090529
472107
770424
253068
770477
500632
309122
042480
007921
826760
139484
346114
386994
588371
800480
591234
241343
539188
410392
265797
824757
152387
961664
853912
939626
439609
110389
861701
596155
399929
220752
742239
859000
519889
282018
332444
187605
908217
368100
359346
305561
269580
485918
377950
863210
419286
330779
313016
594332
662294
102022
265409
382644
131025
456029
633772
213285
729610
242070
547176
036368
935918
469892
354056
684155
474217
446201
474480
674596
851929
874043
808274
968604
374386
414777
588418
172988
881980
028182
045802
268535
597666
613358
614531
363107
116616
206467
758612
528412
933589
157150
522556
213208
929374
657995
159595
110518
457982
609175
987346
320020
546226
897721
067799
610183
591221
528561
060668
281561
491029
690325
616904
229490
687117
462115
534278
289338
998452
423917
007540
757106
062434
539800
516913
810619
006117
033712
022037
831778
470799
888289
916284
621475
992514
383217
265839
461945
977568
164916
401916
228024
379581
160059
089941
988453
670932
419990
155559
650721
823669
696498
447968
420427
700730
407798
654560
603532
285588
991988
204675
918581
271051
840628
886964
440013
566476
941180
069303
666864
410341
070509
879138
184339
117983
279258
058626
854736
627985
423669
750924
821508
292154
157602
168002
158740
792839
106149
022686
198262
467994
074956
095419
612415
963075
059972
131189
817638
579972
134789
215247
152966
038646
025427
468133
381573
164801
054816
829767
203601
722484
541423
890019
472041
094037
388898
006986
420558
356164
507728
297821
217441
588070
670683
267327
922619
858929
995808
085011
753653
333104
279085
532862
667295
583650
501721
945021
666638
944115
819224
681330
907906
928482
351129
603321
509913
539825
485988
246571
119080
082592
354030
902959
023172
557114
932720
899123
475564
921366
334903
961227
402910
271560
158463
558410
399212
382999
753441
038310
835371
173746
407013
369290
412617
795821
405829
247960
822152
700545
121000
059853
256078
715527
369457
385741
583685
840807
839931
278773
875410
605795
971213
154485
928959
620526
949107
006025
421367
531962
583456
269165
112716
472439
191868
413342
651325
317132
675958
953089
953963
792272
674498
775630
525369
641200
933658
869416
143427
153397
417269
545398
792110
926487
855359
446605
886984
278220
962845
719872
756153
022352
616574
695008
538472
720650
047779
879334
256469
090445
359513
889586
360862
530982
867021
157359
385969
513619
573576
206875
844955
658619
701500
595263
799817
183161
848416
609516
884798
342088
377181
861578
040954
171520
609317
913314
166393
119351
971841
232529
218098
491086
309865
326706
453741
659113
700154
427954
293266
054909
999642
422658
843290
467584
488803
433364
436630
902763
952551
981523
450744
130839
990806
925132
420345
914939
671142
938148
806120
326533
857423
221138
335143
446520
652373
498319
417041
130242
060436
140097
133199
599140
120156
919236
619452
106589
120333
377595
354397
534495
400853
761168
236868
214585
324006
534478
324923
208905
852820
740175
028324
968747
086620
700472
191320
432483
949619
687290
148272
968957
853688
253199
212141
521349
051900
681684
819615
871806
656075
467240
899356
112564
708714
198888
519237
467879
477220
285055
771702
716842
079128
552405
946323
695004
413256
665346
881477
989131
911208
517148
645426
049743
625474
722247
676921
255007
815155
978177
757853
243877
772484
045994
889539
933822
937021
031737
351336
248861
742373
298253
829674
861920
368354
487233
576581
697576
791734
790187
849915
462862
336375
428556
723307
958867
039981
520015
096074
582159
454850
422035
749553
980737
539755
955821
758170
752239
416021
661177
445854
923158
024150
538657
075293
976509
181674
096238
344504
821184
664159
299839
159326
530405
532776
380708
881401
633230
820644
733702
639248
305399
374738
056309
608737
168729
337922
715756
158849
552066
152499
439853
872709
821992
050461
374071
915326
317548
228555
272680
164469
401774
315221
939958
494527
545293
788574
558239
356363
231287
810234
608148
293635
364029
327863
169208
360727
591309
327572
742166
188959
644412
324779
585907
048339
350117
002938
614700
315879
999429
642380
283036
625774
108080
382069
101996
623646
929169
997909
904843
440118
710487
695121
258194
182176
889735
029984
385024
745671
277498
942672
042764
080708
345483
848487
865488
786684
166746
343916
150856
978870
492544
529597
233800
715101
870994
393528
614322
444897
668046
827733
428402
760584
199751
641598
514465
969660
375191
476104
680092
044267
636004
460856
743819
863969
936273
524071
356594
635474
163051
522617
987885
915016
459702
395044
983926
137056
718838
298374
108719
172877
102044
928345
830525
511772
761829
560979
086557
399019
140746
703052
895720
179242
661713
634237
587412
980848
842780
014797
995648
692281
673945
101917
834970
576087
597558
808599
152298
092297
188450
264189
885404
733394
344233
122494
627605
195339
131016
475233
338753
119792
838065
009096
944907
617846
004997
201880
363587
859501
184398
377399
042872
920272
775406
946051
187548
248216
997709
852881
314926
857609
080839
963712
020359
239371
701536
042450
217443
623098
820239
348820
097197
464413
531112
080746
463779
502668
997596
920098
401605
474163
888750
635010
147102
148269
357725
618527
289395
268818
608551
388973
528679
622037
159724
141891
937677
637956
877269
970561
841462
610193
020440
201587
741617
188872
822078
311967
006708
082581
227753
686043
613182
101149
914974
092301
184605
640254
265836
549914
697185
577272
754272
664403
301230
137403
175869
471094
496437
100153
233705
117828
575396
467184
864380
284950
863779
101423
360173
608572
743553
121880
241350
744882
362706
149522
729106
065160
341634
161416
756874
308404
143018
541110
532971
526816
618755
137262
840720
803197
222539
731241
190699
290893
318690
847384
657460
044565
199927
565267
483958
915811
606480
741088
945368
277299
068345
840416
760845
956604
295979
849190
341469
552123
675654
218727
429592
968830
389128
057977
134574
584989
210127
960711
831094
602574
450376
435879
359389
654272
751572
428545
632342
899187
293023
755367
040199
671100
132788
125922
896836
424511
490944
038838
624998
345677
318267
236743
630828
435284
762572
161622
869244
388195
585023
331304
228806
371035
834326
298803
141916
666747
543993
152542
558255
022590
500601
710750
660635
963502
364094
581548
085881
493090
299042
448413
494058
819144
445129
523891
870699
910757
674674
935373
556680
972443
780800
623390
172839
320863
636514
813300
720836
573759
191387
055052
718657
771653
922139
759303
478276
908964
415751
253680
142956
922093
313326
706849
023931
252779
177934
606802
222579
877437
070539
301993
103791
853675
757206
581134
530982
228535
257417
484768
996272
658197
408477
589279
786591
679745
952841
418083
584971
265259
105321
913093
927995
529651
171425
419470
455237
111269
380778
746388
134620
054844
794198
221591
088635
105089
966588
667265
755260
413710
704134
838111
881623
972934
305292
398084
266562
874397
262282
282074
417762
552248
938513
493927
742456
007813
654960
908859
089609
972924
727017
439767
441904
933256
700724
553437
050273
576548
297754
433820
408256
698467
833398
233485
444245
215756
157674
246460
433345
570047
805234
383613
081148
971846
426078
466790
162836
062343
491145
382121
780598
278156
250220
620060
254923
106169
549243
009465
901743
030724
596202
981499
727306
471029
569951
418988
905018
322760
099582
868319
302967
807674
656025
476013
613548
254550
143061
640701
987253
437835
304843
190285
034009
594430
414350
608971
317650
925878
157384
335375
091561
121935
596401
727447
118611
454910
115157
574302
537846
025644
726525
898461
392992
073857
049749
597394
248261
196672
845784
534375
538479
223877
525434
194561
745802
831043
430099
316221
349845
821169
655714
254609
251606
677212
691867
642732
587164
776619
503710
608853
266323
253449
559932
115609
265655
897136
515825
779338
384754
684906
127675
716894
387853
761155
121306
948601
312428
924279
320430
336048
888500
636551
026383
299662
578263
145310
274923
029435
877362
892146
827587
441398
887188
697181
250836
284697
622617
230023
774042
676824
148328
441253
048344
254017
572872
603522
704684
002057
250060
294236
629575
235705
655171
111554
211094
864354
839072
388125
523146
164981
660951
468462
639222
505643
980816
388866
319253
861055
989804
181600
803239
560831
710864
202229
604821
168101
634592
710176
290594
731675
262925
502555
846764
481417
201112
220884
328938
839983
863061
847964
586231
138677
053734
703183
030999
260716
332171
215511
080054
875648
118041
369452
995633
103946
030570
499314
763006
295225
301752
977215
792832
490545
497701
364829
394270
293460
925743
157640
574747
689038
645883
863649
020674
590978
263857
424546
570988
898304
379416
147338
645430
663028
600090
203129
329568
837023
406940
251313
242709
064344
132440
861734
264205
763967
735101
060009
046920
992403
426638
312101
767051
956290
019758
940235
711060
399545
627811
350714
950572
026302
488036
375063
924259
839249
752349
862497
567594
274012
410724
389568
861549
691728
187624
108375
710597
639532
319342
665427
485451
020900
367388
017836
251258
378685
205261
534697
330023
979619
712548
376263
017588
141194
223869
037005
072898
375725
633571
655583
126481
134234
733515
648145
703311
495318
065670
221647
398600
826477
783726
158001
323380
017862
923073
403658
406112
125120
349299
244667
316127
889723
505994
438331
316462
626966
937104
231615
761504
336229
303561
406532
843937
277039
379131
713347
090845
452265
130097
091451
115820
645847
028908
416484
724519
707057
086767
738185
068023
517112
857558
998233
051793
861888
329643
421773
263462
767343
688762
169372
798886
522728
202528
929341
988434
400185
844569
437810
553234
691943
520901
741486
594578
593336
318783
535157
692230
220897
163547
083072
512402
193593
027403
520503
467832
331518
547093
509728
937487
981845
340772
097307
627656
898990
631963
907211
443740
567077
277916
187147
768896
478762
387057
207935
884866
603464
345727
340964
140379
980656
997208
088148
100988
495064
766634
993807
223348
828133
099617
111696
246852
042922
318162
357616
007671
733800
541620
322800
934496
494541
407659
863750
598248
566744
410141
803927
628312
802894
232645
809895
108817
240252
224657
964581
271076
133028
005803
407814
181937
520327
568267
541835
561622
459061
304736
537683
422208
751277
240497
263183
598206
982282
582872
467664
370781
227075
988902
808200
539015
027633
912158
323287
147599
332328
010042
713066
637961
259368
125131
270251
422688
385040
823115
954717
961396
683510
157254
715550
225978
803568
395393
465371
199905
882394
030958
468424
866013
773856
292609
248869
413428
056547
441152
630401
700535
931968
970121
373346
372065
434599
532436
318580
784010
419620
829336
015089
041787
230319
192201
309734
650753
057641
769060
900971
204167
092351
710788
270241
213701
257197
878781
487429
397875
220140
695115
833231
440213
468964
724383
701287
028749
599072
906540
718303
047724
526192
751210
309152
027681
617529
882711
698288
626736
715701
544508
234132
036271
752344
870704
472921
571375
164495
939072
716232
739572
563522
704979
837550
376274
319258
785870
077814
687520
032556
212245
982700
498668
006529
549421
960773
170841
798608
603150
124753
038065
569778
704356
541898
844561
959839
122431
258674
783625
451261
590069
368706
096101
955459
953611
081676
741071
550780
492927
482497
586287
346928
075155
746308
643596
391494
195942
253897
237728
472995
560996
438336
983958
088918
206411
601013
324683
552728
830296
507416
416997
214011
519929
248918
192120
661232
022258
576618
808755
324155
494339
651269
058032
423796
498094
445687
527099
135804
433305
687425
118183
375102
934164
132916
569651
016399
500656
221184
847810
432712
128866
215546
678935
379034
460148
235430
996147
019568
358585
882085
616289
469247
189175
950811
795614
973230
623213
511110
494717
449333
349498
192139
579132
666478
419641
597563
506749
448051
585983
881388
242871
323864
699993
386691
016501
568166
485510
455744
920696
678841
963616
506301
571770
598295
036207
379383
023601
523701
645781
012675
615195
277735
