166883
980435
728599
103383
948645
458338
285438
169620
376434
967147
639279
112681
042926
005848
582315
194659
544358
700900
688314
069279
056656
472947
554439
749211
336337
153399
196375
656220
136439
611561
973063
283751
330713
826852
650713
851192
484921
966743
724307
367008
910013
366846
171780
162964
193380
318653
410861
428784
715888
576340
192713
604869
245749
581760
985374
895537
501338
746297
653305
058209
606275
277595
704617
923229
444427
300892
440911
633083
183676
380339
330476
345191
112673
850359
495380
946662
113904
540641
740117
116063
045695
377019
791268
161684
415162
855824
333279
634787
485297
605401
641582
446729
454368
132652
674104
954731
968228
324307
620731
018065
476801
296852
574719
444010
306723
525907
603161
280818
782714
804933
169653
950168
134677
258332
790695
724193
029228
379830
263366
454213
847369
824163
897201
357307
636617
422710
284051
996666
255310
967678
046451
242578
202776
391163
787380
278580
163277
857405
706361
776252
357500
480309
019213
100654
079518
105993
743717
521527
062924
788059
113509
374016
511083
796877
035596
632951
867338
985885
653859
210104
346380
536911
689080
270208
375958
064436
988263
011511
607613
868073
776535
538626
161173
382682
733337
885067
443395
778645
613722
714154
220335
946045
656778
428689
280894
775545
953080
576260
824639
332550
351377
535049
752510
720763
656938
091784
574443
465132
480852
376836
964663
707250
443548
941030
856630
303519
783175
442213
286193
803519
592079
331223
621855
519058
891357
049294
254681
272733
766789
608365
703920
892626
737511
982023
365608
886678
335768
949610
657922
069164
508711
897052
167679
135002
067094
980746
532476
314606
273486
097349
855045
043374
986806
217865
605279
799583
185116
459085
430023
594597
739664
288133
997912
495864
397013
883790
455248
602579
176878
130347
757412
248058
864232
287570
512421
363640
103353
454325
184783
680039
901744
557983
865378
612684
142683
993614
804662
459564
252499
939002
916541
636266
650990
797960
102141
633404
893566
102419
201639
151569
459110
735875
813650
705376
507483
577317
398678
961862
963759
322450
015197
997540
111937
902476
656799
416658
244176
137078
736318
076989
866020
410211
382064
794937
344915
194648
332276
535582
927679
618277
856176
249841
624591
810277
805196
787254
215372
252791
084888
642273
939288
116478
462925
032524
979992
706682
756740
815679
320232
789980
267459
180760
047295
106615
888163
638571
978468
571568
566012
449956
124677
841340
819747
018448
062022
252643
466842
662174
614841
856909
277350
311790
376873
532880
776514
643054
353136
008356
837388
720571
849457
258071
570221
797452
111315
587773
468745
135781
395219
145952
506131
062492
105654
985983
410802
832820
377268
546387
749288
752669
815748
652499
724693
723520
072007
507732
191703
891490
263416
952369
263038
648743
706384
073897
425283
648102
781718
595741
952008
712420
629473
528956
672499
866489
761134
204836
637442
595866
782213
003138
862808
978787
768808
964861
710003
886886
839539
360922
665934
941501
079185
497173
553768
592776
977667
433869
513685
535953
042833
703206
700498
873606
550889
151162
315555
528489
421782
647361
814192
021355
759155
123282
233617
273167
011477
334105
966862
205367
713535
641541
449859
592913
954067
033442
417788
060747
682036
749674
954120
103730
202673
113127
115088
483576
608180
589368
822056
233790
153513
371225
282560
176489
630575
092842
187735
984991
800787
216662
843974
778534
552052
048189
759326
432515
972357
181621
114202
674693
597039
784873
852929
268000
313245
236950
019972
262097
597413
993580
589341
571267
179515
632602
215752
373896
682803
383368
157433
832260
850172
318754
527272
383211
288673
801331
683255
277449
779905
926688
238845
300567
243629
798469
589062
629845
332110
264903
720518
228376
853087
311025
354624
336211
656281
974500
413639
013215
096832
357781
870875
229874
096918
613841
254859
995665
127472
433003
922036
808027
087049
964608
945721
157525
948382
761296
751571
846937
748777
333427
669021
506890
720154
855849
831167
656447
084197
345935
247640
017829
014429
800277
571296
241738
324375
622520
213314
686561
256991
118200
575303
936807
335217
564391
858325
109262
830880
044870
673230
121770
464257
198108
249639
594526
127470
845990
272297
940969
244746
892382
801457
201347
905992
489985
404839
179454
872586
328658
156398
508611
501692
296981
548704
600424
543683
732585
457229
601885
021080
290646
160602
450105
822579
520654
620870
820944
914806
859723
146873
102127
929133
123179
956265
394714
338298
166522
741485
432963
067800
817548
757472
536721
491725
388711
983610
176460
903721
211502
674498
149264
483298
144532
612765
310427
222369
350394
558210
296258
503990
396582
939836
745848
081770
180005
993888
068846
546345
157351
431302
066469
839851
893165
980876
134522
466281
812676
133871
924645
776485
828624
978289
117654
217724
705956
804365
297960
507782
596287
108942
044169
665315
138140
657126
305513
270097
308964
651857
097484
546340
233535
102439
635852
462331
478970
831465
938897
702531
509230
560007
982088
038256
399675
651425
932695
384497
198615
482589
598199
417163
165393
788941
213425
843350
732712
457073
921736
777602
681289
999800
208335
052815
115310
326553
729532
326552
224732
332546
407713
875093
636866
248939
715704
015632
977024
803144
009520
994922
253659
230145
530273
852840
103484
808878
555449
058307
616096
804695
538735
910057
717059
091583
619517
360236
599146
073807
343803
067862
948823
168809
781320
480424
466951
307761
512942
481435
213094
589904
808621
539512
825301
133295
586106
219882
960282
786090
659383
983084
036528
891337
822413
933640
609511
243793
576934
996630
613997
674397
321024
737353
079311
233694
635960
054029
161318
730987
874516
856270
249230
649279
783426
069988
898523
421926
172718
669259
449379
382883
763929
837473
642185
821501
000822
379978
689974
542799
957190
803945
557116
483728
333752
310623
298809
809157
020722
701859
095227
544781
321042
780012
076466
618850
676824
921407
567320
549842
791810
768184
885572
637573
183529
214104
381959
379903
217204
195163
223524
473046
157392
721596
289749
354569
607625
586649
440000
093336
686574
662548
669265
342256
471294
435200
172014
151374
456397
793076
915410
156692
446171
017503
892403
158588
673683
638710
938917
561281
615045
344329
419412
260633
954037
524108
169604
386279
326636
855420
847993
338951
686647
181620
850338
781620
827714
498078
630787
112847
610860
695165
664728
208585
558819
960669
228761
636358
507903
212347
282293
243596
156020
441624
925099
656487
268333
293359
342698
254338
257054
656054
084299
023148
002354
136284
558194
430388
909228
979996
179323
478474
871010
824646
425942
419010
189206
550770
785033
800029
276976
584555
461234
886205
549745
903409
516454
987973
139998
261965
415463
472915
193746
300908
099615
438891
167605
746303
231692
815226
884334
035959
473436
073083
110860
952379
999665
178808
461272
242562
678344
265359
075530
317421
285864
626394
367499
263838
611292
344450
454157
255723
879611
885863
659831
010718
557111
518774
994309
008403
438684
634938
830706
026704
196711
449855
677155
718464
421878
648457
782901
622090
971735
673583
314149
946168
957018
621251
026485
474961
239325
236715
419246
415120
935319
309139
066422
796873
805376
923556
893428
777200
176782
617478
067237
199791
248204
550727
196928
101809
976569
015342
334328
082452
280636
661356
929301
674706
780268
841739
722109
705454
465791
726858
457143
842433
067329
976795
094291
807031
496684
169230
466538
119711
065350
970638
872568
416022
327512
102038
608527
452228
003508
906256
411933
824791
012175
558411
395737
719404
901852
241506
073727
507109
606958
424907
902319
773130
817542
516962
454982
403821
809031
147706
752829
675299
833566
535399
539791
221776
611427
315566
790640
986697
488690
396439
611841
071660
951041
817150
033924
801534
868218
197101
971113
226860
838132
608110
282463
474881
985146
448415
538491
082911
664624
862042
374005
835626
077491
094025
136973
213439
283525
540562
130693
687181
940780
051320
127674
384065
415978
321222
986400
829126
315037
588115
931588
117266
762804
198838
787706
205203
938622
465351
166890
030419
985546
419490
801527
287156
252396
651011
679083
059404
237475
098082
646872
273405
402714
167350
358956
039065
998315
842972
648106
781204
839453
795279
268062
570669
692193
694119
261942
197482
487789
264390
404114
505049
355085
720817
682038
016512
488376
541672
761883
709882
061749
145232
178346
909370
173265
249428
414248
802070
855846
577465
245113
172273
623301
546808
693067
150020
695860
376710
964569
218321
157211
776772
311797
972300
929106
053467
020806
627108
518572
872587
622371
112905
920903
598648
649740
172567
058873
696535
744635
185889
683396
373448
621138
328108
404090
299972
115218
804434
211220
409084
591075
894258
759678
317454
632869
927025
295580
816327
291164
118082
658405
410499
885130
441183
374355
005709
982543
223518
673101
841085
434786
145220
204372
632475
022882
928893
649076
979519
585325
666897
736567
141416
841867
257312
136798
564808
219045
900281
770149
782076
241706
035304
178926
059445
980765
283137
721449
835505
022654
606494
059858
040823
901603
022968
219617
207098
444770
982220
223143
732107
204308
304471
826997
555901
359484
323577
782512
878066
634168
338166
392059
226319
691907
987822
489866
204943
427737
398910
373538
759918
228423
600733
729310
641260
194197
591135
644483
694645
593077
069191
185437
046063
020949
618816
944462
205957
007676
687416
777018
677579
768074
397845
476102
271493
082157
991911
564577
702668
837040
386005
658167
863823
866482
383292
298193
643800
087653
515497
921912
270423
084274
993610
749542
894803
381262
005226
602183
070756
391888
678813
697720
824017
294413
742650
040839
836653
173386
426145
869093
615340
459916
605832
893840
634789
650182
915217
795734
876642
032367
449644
964516
695409
291970
963511
032101
264684
644065
169731
654495
222018
036384
957984
357592
420234
607686
673881
970722
793897
101143
151950
857748
488008
769285
776338
981442
409061
565548
158068
522722
160026
247202
722918
033223
402336
512148
050445
554754
106239
055205
481064
380790
488692
783903
763634
800896
220092
359699
690668
320090
461884
834335
290916
671628
071748
884496
401990
486656
627154
356196
824417
005878
394177
322074
200303
134821
821836
367403
188362
926608
667944
478427
468539
895750
031764
861266
433113
121962
615864
346236
315333
712842
085242
824749
837738
078866
249609
194932
176376
110740
830976
622016
609718
384672
014521
447613
675492
104943
868659
526061
932965
055375
420369
199873
036993
022994
101163
374597
164212
728167
659951
159395
597202
371666
243358
236112
005254
562300
076098
521437
189869
804095
051372
240501
064609
367313
613838
396689
986833
593875
397795
844234
249249
787823
188947
491065
391521
389708
095403
294608
857898
337373
330005
259450
714077
451761
297915
085458
819412
007341
154110
084806
238811
774845
955804
922561
999621
761780
353735
193421
409823
683290
459452
705343
818453
094374
509257
501008
983617
393468
710603
706886
691870
721393
346543
896459
176781
666324
803752
556905
247411
002559
541308
124338
611326
809190
269100
671967
727296
540687
949957
522043
110197
539761
714477
756336
342109
890301
209562
836904
478607
703109
697886
889430
619716
023126
933550
074107
769323
435542
899329
507109
446553
659103
876074
905089
787083
140221
075543
161386
300165
058732
760367
266012
534349
328668
304128
258307
816540
348963
903187
908622
836062
803313
290706
334946
689528
206033
081698
896607
746764
052069
587300
319796
986152
009168
197925
502178
191786
041658
608636
286708
456476
049673
875746
928649
887056
116889
677607
898789
414587
656109
284777
471514
467376
818806
809245
929537
740199
372608
149803
604930
508468
040946
029272
975023
187175
672705
335450
111193
036867
071273
838366
280893
574721
867603
117868
943119
475500
511251
161757
644161
674214
180748
364537
789234
135057
708535
857014
721640
075575
526560
773931
474125
431758
549557
250104
141820
352467
119563
947892
877869
645844
627940
042862
546228
174096
191289
342771
358379
039760
837117
395270
349514
008672
177360
529981
724126
598544
185685
267009
766952
367323
925108
194546
980499
742039
951938
734753
144799
756299
485893
339261
430823
937674
907320
114461
536481
980301
342195
594020
868786
678018
468449
917488
375283
446567
608736
444457
364448
505347
252688
006517
763549
094063
463325
106558
056613
235952
089691
861994
702437
698998
023386
729978
391440
253678
692799
055123
281244
538895
703224
888825
405108
634005
877633
255707
558892
511725
518430
901674
822007
032339
717186
949343
557597
533132
270068
429661
685934
843077
511037
979819
296719
668487
602247
984755
985108
546065
071542
710274
632400
385392
237249
129960
740133
540375
650612
387660
978880
985118
990138
953450
797621
616850
033738
929437
113428
102063
258448
836046
415735
578075
608569
613726
810625
642336
978092
440653
510284
681546
136543
882741
248367
322217
180488
882703
491047
755083
498067
112431
454736
262372
580374
095977
409803
262204
338527
470221
480565
577257
659856
626014
889966
614027
118947
704947
286710
474235
225786
247059
242196
917834
452342
765850
775826
751706
485183
858164
686859
712065
528519
790514
688381
542604
759331
548950
886538
863899
076666
471972
091413
475293
340732
070266
998441
260696
087596
207015
757937
024901
929568
823353
445776
578264
050843
194870
836935
163903
176561
823087
082440
640136
006364
031966
392667
318443
205828
790635
404173
736467
382031
296446
664965
317231
089788
231090
212490
926549
703759
654803
577697
779616
243152
710933
526391
896235
856958
586071
903843
843327
682623
487662
278626
628258
771556
230322
694926
072729
126820
727059
100451
972977
353826
238692
524761
989311
587629
715031
980278
833296
692180
550111
078719
531058
574865
185668
809290
993243
277998
808053
712508
570459
852025
717925
941229
481931
547840
779613
333533
506331
351587
802534
199882
708073
201416
626818
742992
169176
797949
674519
471890
745502
191014
102037
451557
149796
609489
926062
654416
282718
088333
491773
768016
456203
262207
960778
039396
294187
728284
062866
904216
843355
846561
489892
734787
337304
763576
588861
067475
252585
620547
897391
327207
854789
598326
990485
107809
096148
612725
619367
999574
058184
819949
909703
371453
447846
972595
464940
426467
317240
757727
393664
971051
460875
267330
576169
993599
581826
055784
479117
682937
952003
640767
433326
962537
473496
827648
777122
523871
750792
266293
249978
946082
763151
362448
446125
246211
974125
088671
307542
974732
230583
742565
435982
365442
249548
989205
437234
051949
772088
160976
164788
289419
862744
173471
857843
164523
917048
321156
627879
012584
598564
918761
657194
851682
851914
750134
938660
017082
950406
631030
215058
674703
742194
097754
732065
818123
395492
552485
180009
050239
851266
554780
020597
333395
137487
823901
734177
641903
622916
926526
688210
155014
044087
948574
419355
046505
711280
851839
507313
535920
467822
430458
265421
342399
254608
424160
378233
572561
177807
195565
969150
337205
333270
975638
685456
847321
658289
890899
702326
051091
835224
812959
269787
094035
344705
836142
705488
349780
233328
089133
587922
187584
067470
727901
533524
129034
886081
069168
770797
793046
399021
016271
054292
644916
430769
249281
408044
215176
088165
400721
877540
738211
229718
805968
233429
557442
768047
695329
233531
790092
694086
429084
311338
165525
752515
136297
740579
226323
050760
701713
073211
538401
674149
627140
525527
925051
773365
884401
962219
018337
370650
718750
584416
251635
928777
227446
539942
503336
130594
672545
695266
223743
490080
847003
189351
663689
389147
973337
791278
886916
229675
567968
744749
349522
404283
650846
133568
239311
201716
268929
853581
909449
954239
993369
574828
747768
138709
869474
594012
691961
233537
498904
350963
876930
671891
732027
541737
105643
927166
675081
923004
994096
711868
133088
678859
323789
043669
968759
278192
980410
851225
087499
081803
130806
670788
389102
952495
974576
226222
313186
693831
215419
186964
781483
885751
605933
134290
489559
294073
531467
837415
705718
302738
490891
956484
805816
988953
868590
114309
111329
047177
778369
160380
148624
836292
091350
736598
236889
204206
110453
031696
766279
294812
062834
820677
344834
925944
968821
832270
268958
670972
671101
988272
985860
088801
946778
025624
147886
463662
948575
445335
523381
380066
733386
126516
724321
431591
531732
035798
974394
522240
927062
278359
500713
980728
566194
876846
095781
397918
383993
996715
671561
262189
513734
683937
598656
771629
574497
944162
301795
146396
479836
927997
115402
541516
470963
743811
611912
512631
341220
346201
433733
360012
097929
418430
548687
883449
223408
272326
873766
225352
026554
422485
683850
511970
300235
066164
171190
512475
921872
037785
280284
919143
776085
978055
230769
958001
883540
512456
230590
538291
505897
696830
393279
732882
721968
588903
067425
492481
213289
928096
039474
314358
767898
155191
190882
532650
832117
204666
258455
900394
389738
751849
147124
921648
529999
172115
453492
299236
003555
068335
935022
490511
633294
421631
094673
348006
436463
306074
649602
786236
479785
041803
452733
604409
981724
278315
501654
116839
973794
846067
494543
743301
312429
410803
369571
714236
153634
218851
543156
119538
765539
791605
116940
110068
060908
320260
331697
558084
050158
051518
251654
147781
500912
834470
953631
830304
965781
244219
415249
284879
139233
444046
600647
696428
473060
693844
889839
215490
107878
110771
064776
579713
926725
286975
922121
419684
267959
166790
607017
203893
935035
777787
896310
162979
214988
369373
348778
968453
907432
587276
956985
268815
082787
279043
947331
104807
323913
989946
198694
741261
356244
590989
212443
742798
984461
967836
855026
920180
821896
165386
184534
871419
762256
171874
595608
316266
043090
699573
890083
556491
832907
177460
874403
516535
988685
574244
857340
080732
892831
720520
217720
842297
065259
689899
784009
569761
179076
807407
557578
112032
317977
895284
118441
190937
837845
110389
579242
257933
180968
732825
480264
855537
683082
363395
831936
555003
104553
920822
233126
661492
280031
403838
232235
393652
992035
351077
437263
425756
221589
053450
104135
679486
640447
348500
476192
293203
516842
829607
510385
826438
654231
379777
428685
988749
477507
803545
745612
434659
588124
854670
366678
341075
368400
493259
491159
463082
746772
990536
388686
301395
346128
966000
892221
148254
387918
166489
082086
784255
955499
452228
272742
645617
986996
365677
915889
959942
477551
535544
775183
655083
401141
022813
860334
336862
198786
528396
090721
475006
959470
744864
899216
708222
042215
908774
996828
509761
581750
132464
367747
570930
122121
954650
301067
774060
153660
736642
028256
337593
023788
648309
683747
296779
614839
752369
538638
100103
802463
121168
870208
122257
106945
373847
393404
112009
887677
295966
425816
010793
718707
459668
813059
613831
165557
291968
817890
746780
759168
134858
980666
654835
783627
989299
231957
778198
008336
759746
061796
719911
249408
786861
762355
999678
768947
512436
273455
316910
130600
419512
170939
483023
321322
581034
682729
604780
127982
863704
904555
351075
501176
464976
740078
263066
902946
505434
329323
413377
195838
273878
855636
894840
484437
496644
960770
315603
670700
916765
913237
465952
280091
847247
348883
629303
933966
010221
020787
956361
778990
875098
344513
092543
479995
844290
862580
929207
197507
929545
804149
306649
995801
281534
146847
793731
759417
779066
937565
398072
467232
090751
410151
292529
428548
602111
064526
238666
718164
230541
131485
678106
589778
953344
878878
579457
143349
107319
481912
116282
011594
829150
733589
581385
676548
903533
103358
621301
703798
786582
683877
632107
088310
481172
245266
117371
964555
503283
226137
411171
239593
885198
905453
260310
541100
672572
539307
653874
074435
507816
997970
887855
496052
236254
858022
750164
840860
241899
770011
966014
878653
772062
735002
145180
751444
900886
255110
354744
957192
279084
294375
703153
143171
621196
958835
780873
164357
781590
785493
173641
067233
271938
474642
839529
834684
546120
863218
849772
142988
733862
703208
249552
166787
829735
217417
921710
025801
453185
632410
033225
927123
725600
019565
946836
033348
760543
121623
860819
802978
981684
125467
354751
628771
445773
938387
526197
567756
505249
417569
500104
328750
977777
945195
477746
072037
248027
783132
126148
969811
068241
767636
168071
172088
944064
365332
476364
910438
860335
644103
192200
345181
590153
636515
925228
395931
623544
684259
011422
570524
929487
886317
793909
391568
303555
017356
706708
941957
294265
784439
132087
054254
929816
730762
515924
134296
051931
119104
246926
554087
209676
145235
245489
819150
996943
772922
074684
237938
777972
058179
235659
917016
835299
371063
834841
599778
698655
876461
047690
301140
625153
117151
766872
810572
022470
684005
287824
018642
021776
126545
329571
511436
610277
646312
503595
255713
398607
349019
621549
532360
927438
522298
534016
803770
660954
268383
553990
111408
476048
566005
811971
060360
529598
139251
483624
952019
484631
762090
939137
558049
564169
216296
311009
238630
071891
690350
731986
503470
087469
837848
349261
532590
529847
869466
444111
114064
221601
472373
355822
570558
758710
709275
996628
643887
308074
670126
677531
570054
973290
139814
537661
113701
950273
716083
067654
909865
303766
472094
115499
123597
231931
803511
686840
173452
505617
142518
312043
081617
395705
738665
496739
017406
185530
438250
197617
623462
184930
509442
532625
593370
702389
678421
279751
822439
269775
975616
965865
076404
938163
389909
930521
370794
116168
937138
176964
127531
953789
052063
542130
272092
480676
094701
894177
016218
207151
966973
716356
452696
214913
881198
951803
409253
656349
173756
359759
906032
503071
445669
335491
741135
079121
401790
852423
275688
649609
862498
720841
566047
592229
612449
981100
732675
180138
149913
332312
427964
797047
884078
187215
239766
150527
625810
161100
720897
562293
137532
169283
200666
859726
978999
635433
296631
906726
582655
257615
333526
699550
972349
480959
432181
334148
907896
333949
723937
023312
644285
710130
371489
862610
475160
977704
600699
174304
980254
921346
683585
124071
330807
678957
031520
603249
043489
383427
885605
382096
337321
707605
407776
063817
972841
000677
685304
413067
377291
350971
483640
294747
005331
501760
875243
356221
048724
763050
505812
962600
400473
031769
590440
727681
992028
188826
849996
960105
260982
486143
786135
123083
264070
941033
463505
441283
675904
834048
684876
465371
547755
095977
093890
929195
844550
755056
921006
279506
094054
922804
030365
753161
377878
652983
907100
240012
935307
186108
558985
061614
146144
418751
394831
225659
651647
189546
826727
384791
321057
935957
752404
565431
781272
690485
594140
680622
489880
610844
725812
078120
297970
657253
158512
421316
446904
121964
596831
718347
641047
746891
185260
396641
732319
302041
094819
393513
707062
894373
869172
965031
422010
792414
162727
318358
408152
737669
686719
249998
843102
634796
041323
114709
685775
078185
546361
045478
415204
309898
200341
088790
391406
494334
805537
121388
321988
667921
897706
166282
779664
308164
984807
246540
384052
879299
324191
756031
211409
683792
720533
626403
467856
225488
306998
745677
839804
023092
331035
004632
256917
091682
369669
474421
719019
889143
253725
979072
178402
800159
314923
294862
560193
140449
457161
508145
393531
573838
131919
358641
883111
956655
400065
921099
315068
330329
726025
873902
574759
983165
360358
316361
811336
808457
965569
560832
542594
130802
032244
874919
507189
019964
370766
106121
490100
684420
208058
561409
338887
649788
740915
888677
224547
995486
490522
499921
911008
859106
992527
046970
272163
502367
317122
512559
445008
724078
345626
627976
939745
649698
584999
360535
682157
014464
110789
337015
800353
523220
681701
568654
765068
927606
187547
778000
576451
592330
711978
079831
146413
224043
696728
433729
726410
840970
196517
087852
638932
213282
063111
067187
760774
401660
782917
092156
023268
845171
664520
910186
506108
665903
135036
044296
082440
465812
058768
665865
883662
669010
471583
037112
873490
764135
313566
644295
926681
612109
601994
484483
488078
912135
034562
239106
510825
677528
265712
142253
322985
736952
086708
114032
419800
968960
499790
539446
531881
445787
067181
332268
066817
094058
550389
827885
685570
157267
862519
853919
648115
865988
237228
412171
862010
417027
648565
031742
843143
203852
556065
176781
569872
284617
809070
974228
760236
907010
643319
981901
362758
623473
392592
188307
343594
712391
724336
775655
431805
585957
158543
516287
747580
886866
468162
732227
071493
184479
750888
733724
166119
926761
724225
501776
008821
747362
255239
652373
581581
052681
215007
767720
234226
462068
424040
998998
488247
827815
788193
844026
249996
487028
255777
545499
499705
835927
937400
908595
790357
708810
200720
796179
012838
159983
218539
209479
517623
387218
080472
688051
813733
771010
402556
771591
898492
751088
611738
981483
893015
869620
159494
671450
047585
945471
356353
648628
258339
878803
512928
489047
622767
749904
003638
552932
957923
408690
006697
332274
538557
468154
595132
380886
918994
373784
793561
203436
247840
351511
080767
063851
054246
684170
167185
132155
277849
743625
878216
281968
983959
957208
113099
866553
318954
831897
438176
703783
059971
809616
320424
332411
861661
371093
325039
786929
613201
917667
128841
594797
396729
537402
544843
138198
965561
836850
972480
291171
041716
325330
794464
372104
327542
866005
915645
363068
077869
654883
167414
378271
346386
793185
360713
783214
780683
991943
675269
008928
604516
662935
928704
336587
807172
366428
653365
929762
024593
615804
656130
042431
613885
650612
328855
998600
187158
385193
962579
146417
632792
990931
462836
817662
635288
754529
012486
309149
755530
645391
024237
526223
827113
277604
068956
822508
253689
596290
492499
684140
660307
221207
317963
079171
657914
431086
353778
515304
182559
268646
479723
027309
251406
005352
435567
042266
662176
794271
979652
966037
328169
227207
665818
408100
796630
037212
525532
733129
663516
696558
719175
079374
168170
459037
892601
839960
446440
586379
283645
163951
397724
236157
499405
686966
372001
017849
728380
579257
689627
934287
951700
444440
084295
588688
891215
575897
253380
726212
149749
827474
857144
097607
775237
874210
556953
831017
899008
178733
789411
224630
508472
608954
136412
556706
248402
742138
287834
101098
285121
437126
433294
845057
495470
520063
575829
074579
083199
363030
722071
777569
859897
825973
545177
935320
982886
233419
776126
472658
162937
183549
974982
601757
607686
472265
731467
054434
134865
461555
776950
302759
772379
650399
963081
362037
678726
678754
865586
073371
491464
359856
395733
519955
579258
616988
315312
189345
003370
686345
202071
083488
786584
617567
936696
522113
346316
570957
155153
210703
493499
870624
167922
728585
702149
377955
325333
886462
401365
743461
506711
387148
991062
004020
038210
993134
125676
863917
397157
371953
840390
172505
411231
356095
234099
966992
874730
228265
110491
061917
505005
631705
810898
607439
226923
831674
401751
318666
895346
611433
481069
043170
890246
904202
564818
357504
462251
615433
504168
961933
948856
581143
687633
820166
447733
483191
647305
591164
369470
871748
404729
917552
609253
256701
550452
658984
622757
065079
529623
429513
761983
207049
608671
401718
021272
729899
295484
225342
637199
061348
310490
872636
740237
567902
048787
500534
715098
542120
157988
674411
830166
859241
498978
040761
223299
110574
447938
482494
936271
296279
775524
507988
912196
411098
849521
569695
318097
218031
006613
102351
207916
535080
306974
121478
888121
920261
436727
215454
092355
752985
229348
505067
495812
495907
562163
732192
426075
533206
753193
238841
351788
808075
299702
328487
082513
533041
380299
575671
808335
453052
151067
136729
810536
676363
214844
430065
998565
846415
132733
768027
392229
964688
606178
688476
993150
369607
645923
117284
512479
905881
876632
737435
967659
499849
802481
260136
148000
564218
174297
660578
910900
650013
202553
873378
894657
744235
361687
783998
190991
606290
542843
488626
604137
612210
665269
075052
905421
717522
501179
453445
324470
074100
882543
812530
677560
065371
579327
355640
784949
952393
546071
266781
824052
984274
181007
128971
098995
452579
612653
445188
708359
597836
936118
368768
601049
822522
586705
806876
539139
475535
166700
957543
755450
715641
880258
887981
936794
114062
732626
827883
968435
148391
729257
649618
043709
278988
301385
900283
260190
705306
837145
632164
722708
800970
368629
352269
771880
596639
832945
709374
311237
523721
387799
150682
001410
524323
520979
028682
032595
078438
073370
998961
847628
109971
220929
693967
109295
563487
424428
758672
240399
349387
197959
245875
629440
500568
867496
209618
799697
187300
528516
008589
245587
220273
137872
488500
916529
271222
060486
073822
340747
864198
507127
222441
602510
326554
254551
728242
710236
134572
239840
038191
529545
412676
578963
143500
299164
342123
231539
866694
837762
140691
164192
240380
636342
199641
262942
376021
583852
949423
508032
295976
931081
998784
491922
653684
972872
061353
147226
050975
772708
873079
962247
550176
177716
225880
699302
718465
311509
380692
168426
493471
238465
620004
200056
622771
728541
208040
252428
858779
327039
761477
887253
854346
650520
626484
484051
599260
407147
346849
803314
103690
465150
801908
255301
654989
428497
520591
865953
278157
984973
133049
953055
611235
592611
307295
461170
592336
402170
239632
057950
865722
190104
298562
766844
330936
932917
343895
090056
795077
015329
146044
935166
446773
304068
338749
211414
325499
519409
533269
628334
751234
596247
528258
917996
034440
691682
760265
790123
181011
984308
316608
062943
430559
623539
239600
009520
029117
192828
960707
612766
823442
423428
184212
731184
345615
167527
797060
621106
379268
935271
186783
158200
993424
534129
275318
212273
831960
407700
327299
964404
472395
298290
832966
299442
550243
087232
626911
901920
532642
877794
181459
127268
382421
866042
585753
610541
874665
149972
492143
261391
455923
535454
397873
819039
047639
631549
539468
121469
092366
589205
927237
507600
020134
149256
216381
682033
993851
567288
858284
522382
986513
830467
460918
445645
540856
692143
956395
194172
692873
288328
552598
562044
259615
615677
327257
967809
736827
399356
216527
312527
033716
811551
835317
672076
782193
823422
324794
123938
307128
277726
517934
126492
980149
754976
263328
518721
962098
511502
940819
020305
042437
794528
062326
391759
163847
776565
228931
958575
198469
619338
792111
225645
622050
902406
610737
615946
325093
403641
502118
712039
245099
822933
487123
081469
939599
771778
692866
071255
589503
213185
741908
148025
695278
077812
626537
642233
231279
436593
187443
043146
634220
051727
238485
602090
886231
827013
285628
548925
292964
808664
587205
254589
214809
814234
244905
094342
981625
786054
861665
606666
098052
587143
655589
069881
059805
601999
588780
294575
719341
418677
215011
593475
208686
136691
179023
727720
445651
475302
525943
395028
467371
723094
484529
362208
164010
689094
730722
839704
344756
905948
073074
684399
210436
685453
791763
540484
954663
017511
066973
088090
964676
070914
844337
795781
291584
124993
725269
947587
978920
598943
125417
118717
619861
123227
234160
901002
050885
009937
703076
596345
871271
444271
968026
613119
364921
269671
702932
392316
373238
326362
208765
165570
830377
692769
495062
358554
669332
432659
408853
098718
749445
675578
208080
011018
671386
267860
904035
382532
172827
902707
800737
446172
277139
792618
387707
648993
539200
421488
664462
027882
480148
117727
804569
954954
377015
321141
744925
319948
774626
317401
419929
523074
799349
140526
261262
666605
726463
950101
180181
640840
446470
918933
575031
158410
799893
006016
006150
188923
155667
521391
062438
907936
029313
507777
748236
666441
302603
887602
411391
789396
097416
142261
205000
126339
267826
989409
829599
481983
262352
683521
442419
358393
887799
381067
151658
294906
812585
890510
473064
534317
687126
134076
402289
393193
207382
747200
355927
540716
563555
859913
621662
653037
888819
423821
011281
487534
987968
532448
565886
194103
725935
282480
013836
559677
905150
801542
775140
422746
897931
310985
542409
062917
829859
840768
605344
034961
787532
791035
819789
733929
882304
186568
654611
383962
232651
746300
214346
589251
120015
937228
827763
946829
999670
531451
975622
302705
094213
849236
712786
909478
960073
190555
300111
246682
129807
945089
129819
164977
913507
922673
626362
080808
050604
094499
516344
888233
079238
260358
068212
390744
644025
738789
164184
387795
403274
529459
307329
408475
513260
070869
461339
737532
467409
410675
125506
742448
542982
349541
532870
533588
360836
015110
017835
134651
315257
578170
657649
704157
383040
634474
086684
370178
426891
915573
852793
243950
173212
764052
599731
966031
065157
906675
659303
127741
974827
952833
754944
330572
420897
030452
710844
320449
749147
181100
341780
076165
482753
252031
313035
345901
917263
517504
373130
002213
108166
367796
110191
562793
504493
323882
315955
237277
673934
341679
670979
930050
393687
610879
328900
673312
826781
367603
406126
493616
861077
046898
156159
086021
451632
043416
728322
719315
121459
306297
615172
609179
219458
169090
621021
262569
750241
153076
324542
995539
221035
831353
750167
458848
622754
609533
118053
380920
601540
017969
995153
151109
852120
714168
789777
311878
243722
915283
138447
357081
308860
707384
367567
873561
505811
345650
111756
239559
377806
597234
476720
181416
828701
001758
836160
192834
721489
666646
199715
318782
186459
350748
873693
773590
810945
493381
843698
166557
083923
956478
434934
999935
631260
047175
880288
470095
408204
682967
295904
760961
707357
986303
625758
154865
264573
561284
878440
805049
469317
922459
613301
104372
684484
279018
329196
777090
352471
116974
083864
232277
658601
520707
178790
061372
460386
496604
139086
297164
606362
137699
718228
434938
218062
163234
664195
447703
775333
425027
357702
980289
811567
514785
522120
354569
823495
333442
478647
543081
460791
245576
123770
317083
826966
615247
400460
957951
200760
534425
835831
212767
054695
508552
549298
255683
255655
587264
645491
604664
008098
522328
822282
076828
424978
495577
939636
601312
147601
060411
533359
206609
102715
260992
266760
574053
422398
748552
435008
613248
674829
530630
096402
779281
580146
312059
455665
497151
962857
412333
728731
509614
071652
904428
401254
420713
367772
515930
546667
659781
820828
821525
954726
112006
093903
570744
669743
102446
341031
570198
362865
355396
985839
043542
846490
711107
793540
297833
769974
513343
444224
260187
879981
873461
509083
532453
734102
985943
094819
448374
303422
587218
454571
857665
854768
936328
813407
823924
951809
255324
218975
564293
937087
617512
268335
861734
431414
031126
690958
154491
596459
601445
426468
087220
648668
799629
019816
273096
802443
752430
870790
092244
140507
588379
054807
574654
364615
758169
353261
740436
767598
057760
848451
194743
285131
417176
332128
961575
354566
985548
679775
789621
457398
801005
643251
894730
626286
916068
289132
145444
490856
096787
354753
587525
241512
654092
432684
276584
484663
303198
660334
530484
981154
579386
518275
564003
970782
271074
281781
341962
222600
189781
230621
447897
754761
982928
316642
420368
636476
842425
751920
543311
569513
182997
360663
876474
366769
021086
319217
171180
883532
754255
497370
492779
021484
228334
692886
368556
153070
039220
399066
496206
886168
995680
689014
482016
694943
089361
783725
044683
393899
452301
321860
200328
787561
407509
835182
715002
963486
466669
490649
874382
255753
114032
587339
919675
805920
223542
892395
810224
949389
268765
468141
349279
266256
985087
934865
756710
068094
156288
575115
862442
662121
663075
090579
720288
102620
340891
988029
330784
190753
074233
538806
126636
030469
541467
695537
089953
785901
828429
076767
942094
799479
271390
553498
914962
533448
058425
831813
410881
045962
094886
759336
108456
663128
323094
394344
783609
125208
184138
574045
461952
277073
869480
424949
441090
895423
134938
458218
576779
563767
863322
190469
412768
290446
190148
982365
622377
093253
597637
379950
189830
478932
302986
247504
937306
574175
114037
888353
805097
891229
937581
062567
975957
520039
197417
920109
904767
775285
067001
016135
312652
183086
326526
593535
153306
664910
524880
617376
085859
447173
295891
606007
634807
408962
827699
266027
853065
099263
289316
299717
712142
434145
938314
671267
652960
984046
997569
498886
153618
916905
682427
952716
436924
305817
475663
872568
388910
395763
159217
359917
391573
542141
072565
648996
330494
398675
627273
345309
126493
302604
398013
334673
558950
854126
325749
245087
249331
131181
608439
152268
016845
958135
805430
929693
557317
495162
736288
454828
695758
841466
234987
027670
596467
911690
275563
365184
831327
018185
642441
133339
522392
070138
578406
529388
644826
350956
281335
803122
893669
748971
675118
894539
829940
799564
633305
405954
715380
135259
152580
904499
116987
746305
679094
122343
318900
223150
522639
619181
290952
875979
196407
999217
228568
753172
004709
421301
356380
653746
108169
534994
733442
817172
174759
463951
945864
655301
068090
600369
746617
286464
035078
870044
745530
508452
143044
301173
994043
930982
173081
493852
492355
965066
327508
398750
829487
071145
970541
454665
933577
419905
532894
574054
998935
738960
283905
580845
610807
428851
773042
386566
429548
688155
538641
040844
063137
231403
843797
817014
680180
574982
261982
660332
071787
472193
346475
184485
599428
734178
995707
603488
044586
221927
193621
471155
072460
791119
693194
484441
027002
402596
872760
168587
846139
351554
192487
859848
111596
395384
766827
149728
138216
843333
810794
060134
354414
813160
978015
858058
548212
161768
124565
948483
633161
435598
234816
568305
029962
397302
668595
504121
754418
328701
441149
633756
894097
462132
912488
758535
799190
033616
213249
111047
922968
632004
601960
458177
716712
221322
232324
253583
719503
913455
291477
096960
957081
455200
812607
070401
137705
800901
570974
631943
347553
255903
040673
594141
428318
657630
457961
920668
856980
612478
765241
120974
314558
906472
802237
486809
608990
384337
516209
505122
572716
305809
243914
618771
605441
637139
352303
005918
116353
821136
378227
486462
526262
403014
491923
949847
167162
593560
376887
907521
796420
601280
603720
928518
525048
555730
609222
989637
318184
533793
425768
517156
498343
180949
854044
225727
280479
521272
025300
928552
417614
302990
548696
022467
874197
298190
131962
683384
356334
732807
171443
779376
441470
928844
721620
390954
001693
646807
689607
965162
889475
234254
754444
189196
039972
786372
134959
426506
467123
200322
794654
519049
251428
976692
355556
070219
705953
826169
305705
312839
090517
315598
444866
082514
795443
678896
748038
165119
325288
238716
781265
250485
286074
004400
956648
522153
386964
005508
230367
225085
339926
948798
078910
409457
085564
344663
707904
148076
396065
840761
488045
803096
392468
694826
089681
772973
377071
502450
626791
793192
571819
896574
409315
370796
358031
712658
074028
066074
514486
360426
345762
396513
433971
951455
712994
302836
287209
168729
327172
002327
957787
582990
209594
586809
130431
818756
334008
761323
053071
537762
538590
025334
676781
070854
416830
967305
471187
405383
978518
905046
809949
999150
806096
190704
330649
916146
673608
169995
753544
009652
532943
635656
002868
770240
374024
987740
174576
233296
283726
425659
559565
714649
834873
517314
481559
021965
885523
292136
224029
308935
276173
581991
122202
576467
443165
696947
664002
266123
354068
832629
494773
177700
305873
140405
983700
248535
338224
008626
713866
146511
497062
827863
690972
104314
017801
443484
743730
579661
046351
655942
293506
708200
692018
227274
089194
529595
623140
512720
106389
930983
977470
598622
740520
037930
904564
396220
999386
229349
286198
472150
229410
559356
764757
687921
136409
311930
096978
370767
604328
898551
222099
442746
676566
051784
916928
102041
302304
554365
401786
074960
922584
415590
859493
543697
641027
168492
306779
053608
348884
944808
230171
176126
654268
561991
797142
888059
441233
362854
278636
901405
777189
531576
074386
349352
686571
573208
798898
692832
528826
109076
747069
138431
801355
612136
189445
112785
168498
012624
569080
917943
447148
848571
175170
325198
886018
781602
498875
896831
390128
292044
549052
601382
725366
136743
190781
299907
751248
105073
516847
174146
206223
615940
139315
172555
977068
811817
678957
438653
341101
778141
446895
775850
250170
408971
544793
074110
386946
424018
040282
670529
726760
010818
481462
361604
847117
446601
362264
490429
155372
725299
924951
392106
514619
423009
628672
660510
638930
230538
355277
186676
210428
713524
717314
560365
087414
911827
929125
771465
566454
624249
777422
581575
325520
929168
182265
284814
594375
156855
598280
518910
090377
676264
884996
272126
108577
328544
346286
596108
562988
174230
952090
006539
409954
736741
160931
315397
551046
937146
032959
860376
714883
672234
336830
407529
100309
041383
529879
153986
762354
530949
979477
665492
202169
874193
306835
718318
581170
862788
230765
846475
627309
379955
391627
192579
002832
937634
480622
867835
426034
876474
118363
785729
716542
232757
243049
901031
825445
061476
997224
767836
152474
429125
171807
740397
258568
789314
337851
032894
558721
690530
472792
808689
428234
469890
689554
353344
172660
562684
381553
378628
982108
031579
659247
977624
068644
038907
692133
915663
352866
298262
636887
460577
898849
443722
910468
371667
233670
773424
866302
861984
283218
390471
512624
029926
718627
204257
975350
821854
839647
799729
139024
714416
315925
107852
624379
933927
374306
686390
928155
787631
366083
494371
214349
472218
317005
057954
812218
110817
663102
796938
094782
102144
103357
105438
697374
132923
229308
331023
558699
079195
868495
473286
827900
412966
789999
424792
954140
885975
113494
401503
713522
541762
653422
531666
359522
075956
235874
613455
352480
620109
706699
375986
638002
073794
813555
140500
323582
595552
831750
384863
492416
543755
199493
594855
483445
595685
031502
966174
831850
411197
512551
812227
746649
399167
247822
149061
039757
475320
332211
348164
201136
202522
732532
772119
232757
166431
707718
368419
245148
874985
199608
749168
621829
623152
039928
394704
367895
234487
502679
088130
889717
607723
426988
258926
848878
123416
906223
756820
187466
423052
434490
204866
216789
783115
432000
008222
075783
827445
598248
167913
720325
549210
665024
353008
819942
014014
871750
433005
249457
160893
884529
556519
984021
873736
384192
145941
023205
379410
188817
186667
997122
209789
403373
393325
485712
267618
307092
350966
247323
194135
666746
863676
042087
488749
654712
843345
693642
393324
764363
502724
009753
922000
263738
797234
424267
315414
701121
813595
886983
705300
517838
198252
034913
594002
717782
282076
876369
252808
891317
655225
364094
051905
514120
699373
866010
663526
638427
870891
219048
886357
266939
443642
027870
536801
188770
291164
354491
685840
601529
004695
576289
183961
952566
306802
114026
568313
329430
077100
540586
125184
518514
149642
666913
779952
763269
830389
460508
986972
617612
704889
218494
255895
472455
203448
007612
966999
757986
462260
280550
144100
988598
045422
458819
374252
805440
145318
153470
128416
921229
371824
417326
408710
024110
671704
085883
250388
728506
778834
343629
181969
910231
735965
593570
038409
419599
973389
922432
070847
148310
676857
161016
575095
905393
198814
801359
551205
600222
303716
148155
363675
940701
872360
387792
769710
540143
745442
603195
483740
525566
603232
315520
397356
435825
615905
800065
933040
059130
973065
993426
269226
029624
744417
627375
145912
879800
772401
976246
987704
211675
723327
264059
168465
591085
585384
939555
483537
426069
618233
019485
820417
767543
980512
013691
040042
615555
140883
705362
464471
198625
876127
695078
194350
388581
068215
308476
673240
576762
968619
546148
934908
879677
729686
252624
014881
494023
045373
938366
943513
087693
859072
611401
287886
026795
721221
923502
901908
209651
708743
478603
686794
228776
673646
741790
820896
650379
513331
226769
250238
581804
801741
745586
875747
900578
639657
151225
267298
989746
307549
476103
958283
215931
883297
785205
405411
902722
991308
326098
405327
391062
287255
505251
206819
843254
259788
668426
766950
810957
574560
853099
165366
474490
751662
581414
467161
067436
161338
683074
921110
984562
099666
791049
127518
109899
740856
261866
375472
504467
106871
395519
858140
865792
918992
893669
744376
064961
828805
507918
910820
991955
831956
519350
150037
867798
588339
348733
449838
330687
152018
014384
771550
114877
379835
592241
558446
315808
756335
224803
358046
007806
139839
154821
303426
640521
288358
404633
012058
046077
441317
492965
941856
333663
642452
880929
713134
965678
359424
820123
584189
795271
400499
424299
961045
429471
737232
799827
345721
730137
067240
945432
381828
859887
534987
714569
848195
727489
831152
968489
804067
849914
304625
306707
647237
424795
332558
933166
459764
617045
971092
381286
655605
465012
041369
722833
900771
548732
609076
827528
225922
739189
143443
537453
769323
591106
233680
084227
362794
494724
345819
328755
880242
834848
916318
668689
512379
380390
291652
991164
926171
142900
563212
582840
034842
033447
764676
465079
636360
064260
211755
777061
348216
379852
710586
824733
381082
728547
574408
582737
389243
575875
744832
725233
862361
204841
873607
243411
717279
920252
437884
950723
436279
898473
258528
189773
223953
475244
651096
779348
178005
224488
497079
273007
573972
532628
304255
233368
679302
877399
558467
775241
681731
454220
775724
016744
692595
276897
816155
737787
225142
023477
416973
588537
759033
598375
912457
282449
419193
842875
885174
555745
043178
711462
539630
142835
839818
738050
930148
659835
876941
767415
351055
348674
927808
035962
630059
408803
085185
540791
424042
183417
494786
668515
761046
952909
240863
120977
410107
576798
698341
481636
598573
622798
562880
565426
513908
931582
523066
776765
678828
206200
917154
364580
502069
744499
188187
994160
821174
494041
275324
291856
146162
943569
062105
696316
401834
449732
339975
457768
687322
074694
462281
719148
245792
790426
143162
025667
255179
272451
030613
513387
931009
856015
133316
292933
625438
424347
370037
018064
298132
378568
355170
550847
384508
070634
697219
711592
689662
533462
235437
345986
752617
540566
443643
385536
182422
236838
291011
440498
857997
196951
025135
331189
440383
937607
862578
834006
399093
982072
668956
551711
232296
236028
142115
131805
204336
261863
579818
405203
582338
970474
795285
776555
606567
312952
995645
975315
491591
395312
779696
192359
996349
353924
170680
042491
018586
406238
678800
586311
346544
906190
076683
822319
635157
035308
939651
758288
270899
272364
985066
406962
403576
880096
003617
884460
228264
458298
692593
391808
702018
610703
841826
914409
918395
699602
389965
721308
369576
072204
541327
043006
446989
351438
284339
221207
192324
181492
014250
375231
797467
254096
366421
917895
660311
036005
676756
638586
304719
479237
767663
073566
752898
049260
321688
895798
841607
000323
404054
988045
569913
697743
194145
981068
199477
139471
495891
602866
802381
840215
734309
252028
953848
287964
072922
837882
263361
757108
591898
982240
220190
925215
904666
223480
884317
269246
244194
407995
230668
532717
715297
523093
124406
388060
253147
354910
729031
558541
778380
000808
310208
194939
272598
884403
223645
263881
782464
430503
931876
247313
259849
401869
852265
325617
312333
960234
553847
569036
363943
912966
849750
842294
472496
461126
849959
672967
217616
049096
729068
140094
159429
708203
319577
420832
228303
419551
925667
933102
786921
835743
774470
794061
948869
748608
205315
340846
876575
687718
841949
493942
959360
065314
463288
009767
853723
373039
438188
534888
897504
924697
513137
918365
103710
172241
530306
697548
649538
867779
398504
717826
009851
248969
696913
356324
688534
322728
828439
555409
593094
347130
692260
891685
370597
430231
588749
160114
310359
720986
592239
052539
034053
433921
108296
339930
790319
950407
364015
097158
580662
838604
017838
008373
293814
764841
508370
273990
015874
449868
550234
424390
724308
880996
335039
474744
426740
639467
501758
008951
843583
200825
586998
407554
467405
310053
132421
473313
672252
983993
652495
408914
842361
669592
182243
305162
092228
123747
425035
566817
427723
061055
817387
678537
486939
273073
018627
474912
541735
365741
801100
986945
338930
535870
353633
965761
978221
047146
996230
099262
897209
892707
408495
770524
733909
225513
101162
792496
711641
274485
896076
205808
974942
739077
271672
037699
056437
401518
449136
041682
112621
798646
318228
748763
655010
339787
063336
354064
318598
068143
827169
283943
200599
322297
990255
638465
900952
796100
677608
885753
605109
062292
889531
453859
955586
877766
061083
071200
440802
404556
031819
649822
319707
222160
725395
172569
853960
351831
569404
293970
579866
110896
729770
908859
821487
338753
949903
366228
524044
087856
364592
670886
974756
655809
253056
018440
979336
201131
593918
793748
958078
632704
238364
247751
119822
754223
561212
913537
839662
566944
333332
619967
801328
711316
920411
602432
269815
324936
045777
493369
881128
803080
371433
352238
255277
102293
150608
835222
625538
697096
807813
567929
988025
310965
019313
884445
288876
651364
549539
560101
047136
492259
302178
852945
638741
333457
852655
921222
050849
323102
532479
751514
372966
959898
320503
506865
459683
465960
315109
333318
903696
350873
138028
169980
111625
759202
224253
653381
262168
697589
424623
068451
603352
586000
792953
670406
338290
400401
122164
033535
220429
190775
215395
463258
796788
793451
694498
477100
032652
955482
917061
999059
912021
418521
992648
049667
532059
928647
894642
136738
702307
659942
670942
732378
347824
280594
211892
649531
991508
471875
912873
491150
379821
231869
036583
187386
258977
521771
209250
632108
001429
282055
744082
882236
324957
545935
611915
612468
074975
502521
295318
725829
228514
225901
409937
845741
762999
158400
106007
230742
871996
064772
273591
923701
646891
001132
442083
148558
133186
137416
823535
833082
842873
595822
999351
565910
789842
171181
845375
233655
626235
010460
921169
716704
597708
785098
034978
160106
683030
535901
365816
261892
349680
399541
919948
939791
797294
572624
901027
767438
872153
580616
176659
393370
999442
832173
885438
681935
024321
884461
060109
637374
162819
078056
897117
559984
756245
510603
790558
767301
478646
290285
215491
675044
269765
758051
903998
183989
831958
361123
232456
859618
388672
625889
616812
525238
966877
515821
179506
582849
366491
557414
589243
974772
748019
971311
496026
865579
564245
292458
533514
467852
860388
235895
903283
475780
855245
244486
973141
551400
630576
405085
962241
910801
831650
303123
398361
992695
174257
954257
962096
130392
318870
627440
946963
172131
652501
491517
183084
192952
501284
686845
469583
882854
071024
679661
443798
772813
425834
945025
252491
018846
084766
912559
705884
990901
718734
711339
335036
642987
322769
754706
321469
364007
441951
022497
664869
563136
031023
516033
090505
415098
239724
282063
228367
992689
053319
023983
276610
072710
575447
151006
028529
940795
669202
939800
439489
829486
611837
937374
793708
508035
065206
437960
056907
849803
591458
430269
080168
156286
452890
503055
615534
214815
048415
102041
396096
613127
945450
187360
390413
280629
227620
825568
483891
033912
515711
029308
123788
175913
039382
294744
436513
535406
315859
913408
262020
466495
120068
580099
588965
375044
326090
030740
907457
597746
208485
200975
482296
980746
977483
776962
589192
788151
986536
419749
062295
566042
033348
193167
519503
070820
234641
305161
781624
661113
062722
486703
320256
541627
346627
059102
475993
468951
541516
285221
708822
663472
602775
947485
467034
604982
680394
239937
382081
029230
565021
876810
784399
369589
193647
211631
794409
427219
931808
240536
651198
423624
681896
656184
081960
435893
641003
902203
389944
098618
973093
395277
533745
577739
431259
399325
361702
163379
895646
942729
674715
810351
200583
408308
236837
678265
253496
283913
167118
327452
226940
811327
746905
097074
233459
518565
387381
824822
871649
073518
921825
866400
799220
340384
213358
905517
775174
986874
341228
365758
079850
369584
188204
556591
850198
857455
561043
502001
804212
902942
528775
993757
297803
433266
497157
335269
961929
045580
810283
855485
400737
922252
564057
924038
957127
984450
785972
525537
160106
904419
846739
662522
322495
763285
633606
559795
413299
280960
190826
002009
760813
710151
591525
663791
811892
781114
657522
512134
776987
366595
532835
278888
563350
089592
909916
328235
902467
449163
619226
612284
388779
427182
736757
734197
212353
938249
759216
853393
721064
721332
191694
997638
557529
808562
419252
546003
815798
448654
000151
915953
149111
123726
015057
484211
196831
459831
036048
309196
261878
158919
491996
777118
975276
559934
186241
168571
714671
330732
215847
230840
403402
097416
295604
627600
128126
932292
385495
427856
519825
180768
334986
216264
726001
295351
092277
526808
241336
692887
692076
893940
210535
214616
928576
987937
356133
066608
718190
559121
724065
369625
360990
695710
129447
178837
396404
822602
513313
896364
198459
058276
147957
327709
328287
073976
803289
097732
376507
742216
322335
488641
528089
084200
742601
277595
859161
358367
163366
336688
455187
852839
532225
433360
580955
343488
212418
524581
204178
821249
690172
153171
311857
769265
815282
168969
251085
951860
402378
135176
873090
650798
987817
757911
660323
158136
488450
705188
579712
362539
122110
166255
276898
123240
546666
615751
082558
420645
696542
806945
569396
670120
691207
180244
918377
788646
655258
168075
698615
703494
261250
121617
585013
036514
207605
227787
200587
815922
330768
400383
726047
584533
388016
169853
935925
212878
700816
997534
408104
985220
884679
860401
061378
556998
814755
497166
592389
105194
436061
898640
415265
390802
475184
151581
379098
357968
585234
070808
316318
504076
033742
775318
373832
697702
302026
545912
855442
896566
019369
317079
698856
898394
866394
080540
744105
997786
621202
297370
394498
079939
057806
121228
870948
184375
959320
346679
113216
162862
515567
974368
321662
001767
690531
358412
136200
868419
482783
187060
547123
337834
393603
153661
625025
678409
819258
272636
380414
053035
123540
890388
070410
885248
630838
212210
070145
463814
170318
042031
489035
734130
329297
197718
592330
220819
378401
976073
442816
214382
197432
597405
468834
705548
679896
923573
490739
943869
189069
615540
465642
313424
295777
702181
939113
885833
460387
079071
335391
826320
161091
905177
314310
501621
569154
241484
770004
078440
889934
705624
667414
206166
959097
596784
690263
891961
870581
612736
391267
404858
687722
982715
995947
034779
357060
465073
185029
858037
838813
180578
402659
680422
027447
459111
395757
422214
877843
381048
461385
504218
787311
483931
045193
640780
278738
584251
829533
923354
980526
876794
046366
792554
493859
596220
639934
753792
669261
466690
434908
413198
319399
779680
785070
643687
905454
297982
828021
368787
194186
348512
156071
301306
432198
865460
141196
044530
125658
628067
441959
377885
301370
761508
990804
932993
371315
744242
013652
648268
000634
257528
544864
302099
227173
337571
342612
828054
403291
330323
781435
295291
902635
047483
637158
819340
555735
760377
838263
610901
232354
258561
682966
837117
156834
857691
809257
587799
953760
970297
359031
938701
322712
020261
410674
263393
702797
081144
814194
839976
327700
168150
040740
718263
199046
879651
038189
422841
954345
853699
439925
337929
338109
277328
745770
579789
582967
791706
330742
517946
074120
874128
652928
373315
183516
612424
870883
457987
910126
275587
008768
988076
181563
895007
938928
463390
198460
623305
984589
426371
089342
038809
123156
546666
926943
910102
096896
113357
645034
472740
956813
496224
179361
971718
924188
490484
840374
255243
463851
313776
818085
012035
815096
111322
166109
494703
504320
372909
817297
125055
327614
852721
476527
473966
514461
337075
107091
887529
320072
510998
827459
513372
495052
297400
239940
470365
633754
739486
368938
511054
069507
652269
697167
391713
780433
117913
265236
653965
765178
769697
679053
494524
395870
105096
114042
808772
802112
777389
455361
970124
001102
012064
409195
461567
279214
456483
686127
005848
551338
144776
311624
954602
684564
502769
740841
966085
600299
479343
531892
871351
564501
728529
427656
910814
851184
299206
152453
592315
142569
521573
905222
576293
706959
312345
416198
458044
617780
567746
200281
095463
140923
547562
339143
605225
504558
868016
970336
755380
202336
608794
964150
196436
877296
652001
853368
337850
121572
163712
948708
540343
886933
142362
168365
331916
542346
415443
825877
879074
181632
143527
630495
976834
977991
500266
873538
711226
613173
805005
462807
938337
419247
286902
423042
071256
779955
668211
379183
259204
262228
910477
823900
371689
041193
294484
574700
838855
244671
636953
639220
455987
729376
936196
819780
095044
734178
516369
976094
489985
617268
719960
087514
004826
135284
859394
846428
457599
484986
520919
011443
338692
520270
733675
238268
689072
719960
338857
170648
277361
614203
242196
905387
217238
972767
563660
755723
424142
745897
008369
345572
543380
988507
092966
248088
629471
431784
050036
814212
076805
165047
455446
345053
164879
295471
123938
014913
919977
400623
654990
736045
292405
741025
171827
932477
418974
946825
656051
333045
839617
227477
417203
828509
493090
098154
454853
313260
858683
520854
149273
865096
633490
912292
090438
598206
335175
414008
978062
263317
622556
530055
101713
583438
203975
581336
061109
674951
504050
136216
781351
727588
661381
674501
286518
180503
067459
766852
035699
203813
790817
475145
555065
300254
615905
354022
088105
856715
303147
323007
580573
861143
333106
153295
955946
966573
514782
938972
485176
665554
063220
822823
912941
663637
671365
275647
016515
485780
340002
483705
396545
513247
830033
712817
476008
831251
830677
824609
559909
007048
984614
925137
400605
734831
477207
100457
578748
377574
890891
291335
637608
684936
368864
682792
551092
199280
286829
061381
277158
174439
049248
866113
894477
600216
748274
075079
773997
088999
846503
983343
069274
303298
407753
740490
899304
159061
910940
420836
270126
850814
153000
372977
265104
284867
325704
807310
804102
308042
997627
175124
911779
380292
840029
490745
040617
274803
378183
873832
891666
113083
046867
306086
075623
913295
323024
934344
038953
442889
218913
434854
247585
623831
485742
706604
104308
219810
400627
692148
062961
860348
189736
384111
654366
871424
211388
873899
726347
351659
454378
774685
805594
559987
661829
333283
123494
624663
935178
596813
979122
276885
838965
346520
191714
733118
671213
394454
244106
904793
262100
802534
514560
214792
743858
293770
509451
388963
076771
283057
988060
963564
418319
607969
347130
299726
734219
636968
031547
094951
704092
731622
947375
692642
641312
077781
748275
143736
730826
579869
839724
418481
224709
888176
746696
093078
317441
272770
704687
914597
349672
444762
388581
406421
602177
672928
548056
469680
752982
935044
416269
531238
626924
727689
204566
860194
185441
599854
095501
012021
948553
679879
870828
732667
061236
833123
856416
230111
167382
855285
270978
414759
434353
886152
147494
109959
107602
105861
331315
033632
582746
493513
303585
606960
324203
767169
585956
841172
553468
810679
564708
434179
536563
709960
450969
889901
584529
395005
989629
275671
392415
422334
963816
709487
203079
264131
792562
281784
380715
243807
355760
151858
263719
219656
232229
718640
446566
326403
826598
895514
491774
282174
937166
405054
280097
753137
815015
726444
136760
463627
933690
042538
949604
371941
529755
618106
499026
349268
398625
577153
210052
686422
281225
895117
392484
317508
423523
642159
719927
046922
506145
129754
982362
486883
394476
908939
173591
644894
284756
429687
626419
104756
343262
063785
173779
389538
659047
601113
697069
145791
522061
818614
892827
091296
274973
482593
976889
291767
903540
501814
839018
538032
860964
937420
381576
353872
577026
423173
255448
268299
115387
666811
264193
000219
987280
811968
157154
896934
554811
723151
607022
768968
207729
050848
868274
966286
009836
710160
327848
668404
072545
698977
703383
945866
965818
997679
563681
625362
329119
365004
726766
399204
084789
441691
674192
946966
947517
640418
620883
253236
960027
867931
791251
930199
903232
819104
496193
114875
345224
952594
783649
542737
369657
093051
902973
054920
718930
659467
649805
677914
449129
478509
365955
053930
489846
359686
293828
893778
042214
992796
106797
692432
419292
422958
178471
517200
203167
795006
570419
839319
421271
320149
548581
660433
285170
999433
571669
158838
374060
090216
185316
560773
411293
928739
066426
480331
469701
981505
385465
953143
209758
626839
390588
711701
451748
724588
244142
273997
965327
350338
633182
339340
557677
869311
532889
133992
263669
757146
013298
687090
127572
699491
802482
736467
526626
306588
894505
337331
289449
757509
577990
730751
146522
527644
402927
227111
654561
987076
034996
525911
524059
044669
716826
679827
796537
213093
468813
799950
091437
647591
937336
218158
176342
797584
834238
309006
771533
093881
144108
524441
640054
282053
144699
316058
874798
868145
620104
201220
667289
460928
540082
121017
329015
626450
636599
371572
579079
495114
812292
069719
204926
047848
017976
333628
786192
077928
934708
837878
437508
096552
459807
304091
407330
042184
446223
393285
375780
209688
295070
897725
244216
813677
030114
177855
178022
585907
133712
780320
490682
832791
817454
292152
461815
773096
186410
795802
521023
128632
122490
029577
338946
583478
572922
439465
337413
736127
132734
560076
977080
586745
495155
711612
809300
221282
921466
854251
043088
907524
256114
704997
447977
286049
372500
872573
633606
437951
106578
792243
274206
260756
385968
453289
274907
758126
309913
178205
148419
768040
548630
746904
003410
054667
545784
654741
797288
942829
040800
238167
319518
462896
664978
663850
252907
159136
645549
409823
566889
601812
938159
044103
965351
299683
582976
100023
569754
137992
031540
093027
799021
101921
228509
960629
913079
055659
860101
957992
698121
359145
701063
812803
638909
262893
707696
228268
041573
157341
422402
118252
672888
621920
247595
899319
659116
988688
033540
970606
217519
179231
803045
116705
033033
448424
702629
058612
477625
248144
869325
504262
798710
927506
048426
602766
599889
323428
568756
469088
973241
739783
924633
097916
785245
698836
817303
052856
323162
617530
984509
903507
334711
299689
430070
079583
228524
767375
888319
976286
497965
850403
556882
051860
125098
104043
495927
199531
238654
773539
458245
455320
998266
692150
662037
768724
533578
487021
949358
655709
653046
017146
141715
821111
990371
466797
197506
091870
617949
570581
098308
408896
688829
724971
937958
434800
023508
756688
459830
067427
452287
495024
055839
537507
058838
116313
555807
913710
360107
641190
513319
881856
388901
623655
608662
740819
512519
294613
452057
743447
683801
019636
740498
561689
442396
213433
980428
858661
868676
907764
447744
135653
591141
655971
930382
826088
484552
284919
782748
088773
348971
183993
552315
474139
050993
351277
450493
038166
115831
892008
228121
772826
605868
967793
154157
837989
775432
231357
054242
308535
418319
831374
660502
118446
445662
090229
804523
499188
816043
901249
222299
246431
364672
197408
909219
165951
514795
214089
996357
778516
343670
711641
318928
695507
863155
561705
271967
502523
644360
098725
232817
201031
471917
134559
087947
622136
611264
380709
228706
505472
100194
343892
095211
510363
904206
170518
830093
901093
401364
013838
568798
246485
992937
578109
749295
361673
091733
810889
083920
879831
088995
242302
416414
378982
415553
892171
351523
758170
910692
637940
521469
156018
034106
024897
835786
041410
744299
963660
480401
294277
382651
743283
974351
346648
071328
090112
936138
632428
831680
942715
981932
006618
012025
445584
239129
653406
905602
295396
036058
813137
479746
364825
580785
906858
161540
581169
355805
337152
281379
854507
244585
490575
892903
230329
858649
200273
627141
267443
652092
869732
688122
479679
037380
636597
354591
707504
616639
538464
345186
800609
132686
022477
322818
282835
311876
478711
682961
643704
804771
772745
204394
970822
057734
446912
249654
154523
321361
856050
386917
019436
419849
852374
043024
700520
113673
622908
955082
987123
252873
225512
348054
942487
558235
306034
602911
180841
807707
019266
507248
116240
212044
378695
422835
561696
468657
740795
759396
665185
367808
143764
930635
419019
867003
309976
219627
278918
539426
734170
607195
986241
122704
555451
230777
499759
274452
501797
223455
748408
366724
209242
436456
301556
490702
804305
766754
348825
126117
614135
610228
241385
764069
306737
383491
530117
169101
735384
045979
087509
363462
773770
200274
657473
723397
140805
967141
789533
275308
706908
496991
787714
901762
047391
812482
812582
356830
672842
161854
737193
578873
210928
344621
874023
753864
873888
920850
508783
518839
267051
941480
747513
575183
083979
446070
987668
407204
613021
700935
149296
162969
418512
202037
686085
339761
590578
251921
880268
426334
916968
626456
192090
520440
153914
147573
886827
484958
274969
744085
046377
425809
393729
372733
338640
337323
678981
360552
127121
177708
023215
182710
938711
624558
824554
570601
505176
728447
826717
276834
628308
110315
210833
016793
969247
816223
839667
955948
445133
487554
979705
060172
190325
156168
261973
826751
270774
817421
262856
415311
482646
446969
579796
530177
532446
397042
028237
111589
017390
857377
556605
831175
950140
671551
665836
492231
743178
520068
030086
793790
308580
182233
626247
619054
875131
516210
511586
614807
359802
885003
323941
938023
224171
832877
647789
246593
065310
622755
636636
824366
616333
077077
757176
752698
451499
265788
071720
095837
171274
795195
293997
101814
341329
637508
812818
909601
735577
206145
244523
826781
056966
893353
861408
352137
321832
150109
216817
221604
840450
425713
064591
890643
909281
386890
956925
536275
019419
436987
834459
763517
213691
155015
776989
008617
897231
803212
488034
712252
836160
108985
848374
917816
661866
295280
258756
155498
599982
357898
684258
962597
870490
332154
153313
008135
196615
713902
185556
406347
452764
900109
550423
189104
151468
024717
735087
694016
135742
535264
429630
687448
453302
298961
308732
683762
700085
264595
879756
733323
944557
507090
007456
995389
315589
490036
806263
844306
312112
017608
754147
545409
917316
295295
235649
159973
104112
936987
221477
040741
807324
104101
748335
829649
568949
255862
084523
994751
150256
683858
020658
700217
833416
153907
795267
800940
995232
403316
316655
349198
657154
573226
428471
632687
308814
010302
997322
149657
266764
840577
796760
778266
040788
719673
057327
398584
395252
394676
758420
780169
429239
251996
661010
883444
722762
141477
583271
612580
840482
008135
494368
711830
251390
014966
892631
187569
693096
689404
407222
097717
427815
876850
174637
653319
193010
758286
068038
217724
533452
576643
623893
188781
317550
677549
452459
150143
911389
068306
913627
374982
067005
659827
166731
679412
338869
100261
120251
896280
299636
451539
923351
433087
080491
316747
866860
638100
077917
168576
795544
452517
094722
126933
489494
367169
777814
616719
473334
387658
808557
014047
716606
199793
587469
727148
564403
386404
881288
311419
320902
085532
466204
467249
424774
129748
455174
807356
192031
191447
348604
075209
629803
893516
445178
000613
835231
014759
774540
035549
698599
542189
827549
270721
801806
151417
800941
777380
439523
587004
021701
475778
979918
036617
706682
684002
999290
471896
579720
169672
207562
898144
017458
834702
551902
747612
818696
400309
512145
975603
171311
679333
088592
208603
244768
415143
488231
392754
523161
425201
183253
006069
918405
594361
046103
421555
007150
318159
013310
284836
080256
156445
059665
413534
419842
951627
249805
227402
471200
116961
977577
266880
461816
077715
822655
956763
706557
513771
671056
252672
031978
650666
336806
283284
750868
515083
522534
369767
002246
064926
515229
225979
936051
900657
711376
507184
556779
245254
400305
165951
389191
057588
321844
661164
861052
895199
021172
262950
736324
827793
193326
002470
124812
613673
489718
232109
111180
003289
181328
744531
402446
522316
198264
234133
586682
321413
533399
318007
435526
058760
379673
244948
359746
957291
144738
219460
482259
198577
914967
004072
092165
741047
933361
302378
057866
003459
193544
374333
257321
853719
553147
280834
666023
386894
823754
898006
697779
374990
086440
216790
358191
535618
863722
566226
480517
274960
980582
537019
480356
777911
298958
848242
979939
464404
628111
742198
354523
934164
224980
110394
482278
747937
454043
263283
135560
796832
096978
842916
961138
666772
206681
417167
309339
024343
634716
332618
135499
653024
676372
736937
903708
943566
739141
775337
232726
971139
660525
704123
870860
142467
087472
591237
845146
754458
515986
076715
416941
836042
806071
886172
673337
664678
564090
157457
283487
583245
694652
315670
798573
306379
119774
055796
477061
805770
396712
358776
500978
379827
225878
521006
780357
035829
279582
451813
526703
137435
239295
411873
564976
037304
736244
423924
977804
091936
317744
321401
481773
834825
067498
509062
055412
348133
592707
825872
599186
635905
985002
544403
917359
100225
427018
436393
655622
374672
507007
496096
280334
540323
522194
744323
605345
425437
312113
966033
837257
530255
367311
250848
226840
725412
750552
513875
823577
129989
205654
080198
904210
605426
104007
874828
166154
838620
940409
672173
620164
799532
530117
205629
245383
311298
038124
380700
382874
490118
593045
674213
523480
647768
719087
490913
416865
500606
352072
429357
611268
471168
888195
641996
125575
079741
721380
407077
515904
771863
859856
588510
704771
337962
946360
007533
694891
640101
052895
296401
475129
022767
339342
621663
462922
150818
958686
542448
889462
174322
456087
598290
834371
086193
240825
708121
982857
874492
302123
386217
126446
604073
